0.000000
-0.464986
-0.055301
-0.506562
-0.277924
0.149699
-0.255106
-0.024179
0.153532
0.226609
0.130150
0.160119
-0.195398
-0.233693
-0.157140
-0.524039
-0.205324
-0.256303
-0.560212
-0.708393
-1.189837
-0.933573
-0.657199
-0.657199
-0.607938
-0.702849
-0.523061
-0.240030
0.017540
0.017540
-0.056566
-0.288215
0.061641
-0.069903
0.051791
0.142544
0.465425
0.622325
0.611058
0.269073
0.170355
0.402294
0.402294
0.075667
0.002090
-0.446041
-0.196352
-0.023082
-0.429009
-0.153344
-0.517800
-0.887634
-0.737558
-0.898629
-1.201468
-1.651535
-1.853844
-1.679715
-1.409308
-1.609034
-1.203937
-1.577358
-1.493237
-1.221659
-0.940672
-0.559937
-0.533875
-0.533875
-0.625461
-0.866116
-1.192888
-1.677403
-1.610602
-1.610602
-1.546561
-1.589891
-1.763433
-1.394959
-1.437907
-1.179543
-0.729967
-0.397872
-0.397872
-0.307354
-0.243440
-0.530346
-0.720364
-0.678882
-0.698001
-0.639714
-0.709963
-1.009795
-1.009795
-1.009795
-0.967548
-1.073288
-1.572883
-1.317190
-1.383502
-1.224115
-0.784994
-0.550163
-0.814092
-0.668399
-0.809671
-0.836326
-0.836326
-1.038705
-1.502216
-1.502216
-1.268897
-1.134909
-1.251896
-0.779702
-0.824905
-0.670606
-0.274550
-0.717681
-0.867968
-0.867968
-0.934739
-0.575410
-0.151392
-0.573151
-0.162884
0.009899
0.155283
-0.142407
0.224586
0.269150
0.518607
0.809066
0.339492
0.602460
0.627338
0.796515
0.748919
0.737660
0.768913
0.768913
0.296197
0.758715
1.071616
1.071616
1.405766
1.500867
1.009744
0.675678
0.472509
0.333627
0.177091
-0.136337
-0.253880
0.056386
0.494633
0.310725
0.537282
0.511331
0.467032
0.642692
0.894131
0.685303
0.611844
0.518696
0.518696
0.768993
1.227460
0.800230
0.526006
0.306321
0.800227
0.384698
0.212979
-0.265838
-0.410251
-0.410251
-0.819158
-1.100655
-0.652822
-0.936844
-1.346280
-1.346280
-1.756192
-1.999945
-1.977482
-1.538437
-1.573558
-1.728608
-1.844232
-1.422828
-1.422828
-1.692973
-1.245769
-1.362344
-1.469230
-1.335110
-1.335110
-0.871811
-1.069564
-0.991759
-0.991759
-1.403924
-1.615647
-1.754387
-1.905208
-1.755969
-1.783137
-1.836411
-1.920152
-1.920152
-1.474338
-1.423251
-1.423251
-1.845961
-1.722691
-2.016041
-1.755210
-1.835689
-2.105204
-2.207356
-1.780960
-1.995449
-1.590412
-1.149414
-1.170158
-1.271363
-1.410459
-0.989807
-0.557589
-0.685165
-0.380632
-0.380632
-0.581227
-0.978003
-0.906721
-1.186978
-1.201805
-1.024823
-1.099326
-1.099326
-1.351791
-1.587273
-1.587273
-1.287407
-1.292780
-0.938248
-0.637885
-0.205893
-0.301037
0.013413
-0.401644
-0.317211
0.145305
-0.246062
-0.010989
-0.101499
0.053767
0.137406
0.093243
-0.039073
0.426428
0.309317
0.747179
0.314836
0.626900
0.523802
0.342642
0.099976
0.430252
0.430252
0.592813
0.592813
0.523901
0.247511
0.488750
0.488750
0.447789
0.081164
-0.084251
0.109718
-0.053684
-0.375611
-0.837227
-0.449148
-0.516435
-0.148514
-0.233793
-0.503888
-0.394772
-0.658833
-0.622260
-0.966448
-0.717843
-0.717843
-0.543867
-0.120812
0.007379
0.108523
-0.102028
-0.192003
0.112699
0.449803
0.302197
0.795697
0.649048
0.271191
0.184612
0.659341
0.582715
0.782539
1.099091
1.464630
1.494116
1.097164
1.097164
1.097164
1.048707
0.790295
0.306196
0.451567
0.183357
0.124291
0.492793
0.595704
1.085411
0.626908
1.092264
1.057351
1.212928
1.036396
0.886775
1.344415
1.444396
0.961992
0.961992
1.013884
1.033956
0.708442
1.128375
1.128375
0.897608
1.216924
0.849499
0.431027
0.296779
0.017068
0.189723
0.370988
0.055043
-0.177913
0.311569
0.773886
0.476124
0.487200
0.827766
0.503465
0.251939
0.342678
0.253659
-0.070270
-0.439319
-0.794065
-0.579933
-0.478555
-0.847764
-0.456827
-0.138092
0.129882
0.416858
0.426180
0.305967
0.332584
-0.010374
-0.103252
-0.013853
0.224982
0.461886
0.356213
0.680066
0.732439
0.345632
0.494853
0.122772
-0.350472
-0.403403
-0.137829
-0.151484
-0.133177
-0.130865
-0.196361
0.179713
0.262661
-0.111902
-0.353367
-0.663801
-0.841635
-0.656610
-0.210816
0.174743
0.304408
-0.173025
-0.130052
-0.335966
-0.175867
-0.192294
-0.500879
-0.909094
-1.079409
-1.079409
-1.079409
-1.174192
-0.955306
-1.089938
-0.647042
-0.495939
-0.495939
-0.840686
-0.652022
-0.590901
-0.599903
-0.790847
-0.873887
-0.913943
-1.158856
-0.867257
-0.867257
-0.441942
-0.879131
-0.879131
-0.750641
-0.823309
-0.598972
-0.497688
-0.909878
-0.889657
-0.721363
-0.358826
-0.752788
-0.255128
-0.055178
-0.186295
-0.592515
-0.888362
-0.720298
-0.661175
-0.704761
-0.427131
-0.439784
-0.636992
-0.219327
0.139898
0.615650
0.844304
0.557041
0.448003
0.529153
0.627653
0.413453
0.075183
0.571135
0.733442
0.351274
0.192089
0.192089
0.271419
-0.166037
-0.236210
0.035911
0.161601
-0.248946
-0.717676
-0.336255
-0.095511
-0.210936
-0.150069
0.073666
0.080806
0.436826
0.658167
1.094100
1.458510
1.053795
0.968281
0.916083
0.902317
0.977226
1.011510
1.028226
0.684496
0.499273
0.915068
0.460314
0.062240
0.054378
-0.033331
-0.436749
-0.432015
-0.476160
-0.146009
0.225195
0.244126
-0.086828
-0.140221
-0.055059
0.119709
0.387149
0.241441
0.212160
0.214649
0.107760
0.314282
0.491352
0.294280
0.686342
0.686342
0.686342
0.559089
0.840078
1.330526
1.330526
0.971741
1.094200
0.934848
1.003676
0.945461
0.490028
0.025959
-0.195919
-0.285139
-0.285139
0.006316
-0.480517
-0.750595
-1.221318
-1.189164
-1.254888
-1.132943
-1.043213
-1.164553
-1.164553
-1.439727
-1.840093
-1.400532
-1.400532
-0.955125
-0.949936
-0.603294
-0.759583
-0.669073
-0.894880
-1.356844
-1.356844
-1.602234
-1.153934
-1.395176
-1.357997
-1.052234
-1.210469
-1.098388
-1.178640
-1.464048
-1.420670
-1.218919
-1.011622
-1.155998
-0.656931
-0.925280
-1.335585
-1.565819
-1.744687
-1.627773
-1.627773
-1.731595
-1.937419
-1.937419
-1.937419
-1.575489
-1.858782
-1.945560
-1.686603
-1.686603
-1.846944
-2.010780
-1.986776
-1.986776
-1.492301
-1.813867
-1.797493
-1.784339
-1.502355
-1.709538
-1.709538
-1.771592
-1.820226
-1.883469
-1.676841
-1.450317
-1.093183
-0.800867
-0.698292
-0.686355
-0.553132
-0.059863
-0.246605
-0.337632
-0.724877
-0.911635
-1.290890
-1.787813
-1.787813
-1.945110
-2.343989
-1.956424
-1.966669
-1.798268
-2.096326
-2.138186
-2.561232
-2.254016
-2.074930
-2.194179
-2.094785
-1.726408
-2.107711
-2.556001
-2.192392
-1.955077
-1.737183
-1.783659
-1.671787
-1.659389
-1.219382
-1.112077
-1.193935
-0.748306
-0.639917
-0.848314
-0.808113
-1.024571
-1.004688
-1.404474
-1.555811
-1.349824
-1.067947
-0.982396
-0.733154
-0.322007
-0.110264
-0.308359
-0.802876
-0.322508
-0.131469
0.237664
0.611836
1.078477
1.281140
1.464172
1.252598
1.049963
1.465200
1.465200
1.527009
1.275267
0.913962
1.357461
1.357461
1.270783
1.270783
1.141063
0.834937
0.819923
0.819923
1.288500
1.539543
1.095669
0.754361
0.572142
0.572142
0.959386
1.205569
1.107756
1.058444
0.604379
0.604379
0.466545
0.350997
0.843206
0.385353
0.805762
0.805762
1.134209
0.809872
1.209832
1.623991
1.593010
1.269419
1.153193
0.766642
0.379373
0.425626
0.444940
0.080249
0.379141
0.396945
0.188749
-0.138606
-0.393241
-0.503093
-0.963917
-1.076569
-0.821419
-1.264797
-1.254461
-0.838496
-1.139697
-0.976259
-1.036843
-0.726056
-0.782741
-0.584327
-0.644700
-0.458900
0.011660
-0.337563
-0.490920
-0.177436
0.111850
-0.183574
-0.513087
-0.711109
-1.169460
-1.320740
-1.648574
-1.422846
-1.623031
-2.011468
-2.209736
-1.882491
-1.791682
-1.293466
-1.398452
-1.191706
-0.852070
-1.284665
-1.175701
-1.505275
-1.243257
-1.651041
-1.215068
-1.215068
-1.240876
-1.209262
-0.878186
-0.742676
-1.193991
-0.789787
-1.141795
-0.840537
-0.976005
-0.718753
-0.379690
-0.346707
-0.303953
0.101529
0.266268
-0.090424
-0.031385
0.238097
0.084421
0.429847
0.514423
0.661964
0.360692
0.475239
0.475239
0.361327
-0.025937
-0.283270
0.130356
0.422349
0.868918
0.554920
0.851142
0.908149
0.577505
0.577505
0.966262
0.663934
1.013305
0.784977
0.449174
0.361618
0.636964
0.864660
0.872536
0.686215
0.868846
1.184055
1.372012
1.183036
1.539876
1.815652
1.815652
1.696603
1.776838
2.209569
1.763977
2.041059
1.543621
1.543621
1.876121
2.030277
2.102758
2.577895
2.134990
2.147087
1.879275
1.990195
1.758361
1.800553
1.735103
1.542492
1.542492
1.542492
1.564428
1.564428
2.045384
1.902505
1.486136
1.486136
1.530711
1.648026
1.348968
1.113597
0.969480
0.789514
0.534114
0.204396
-0.026452
0.355591
0.179831
0.218717
-0.263770
-0.377399
-0.833560
-1.169752
-1.537431
-1.782901
-1.902190
-1.669872
-1.965414
-1.965414
-1.974525
-1.610926
-1.245001
-1.205295
-1.368103
-1.368103
-0.933278
-0.933278
-0.931252
-0.931252
-0.865635
-0.833698
-0.988301
-0.507341
-0.053202
-0.410958
-0.797664
-0.405605
-0.380420
-0.780937
-0.988431
-0.988431
-1.124354
-1.124354
-1.124354
-1.077164
-0.914065
-0.969883
-0.551365
-0.163971
-0.105786
-0.061779
-0.108815
0.367032
0.615584
0.351281
0.215463
0.307613
0.210749
-0.047821
-0.047821
0.325107
0.324502
0.473427
0.517846
0.517846
0.981091
0.599996
0.104505
-0.292735
-0.678279
-0.788671
-0.482941
-0.085888
-0.509797
-0.016825
-0.257178
-0.296496
-0.679383
-0.876171
-1.061907
-1.061907
-1.107128
-1.093049
-0.929093
-0.773561
-0.529519
-0.096306
-0.252642
-0.148107
-0.115024
-0.349513
-0.690969
-0.937267
-0.602740
-0.619172
-0.209215
0.261885
0.573991
0.834460
0.659187
0.357887
0.470631
0.180007
0.067487
0.446363
0.446363
0.394642
0.449445
0.097291
0.580078
0.180719
0.215078
-0.264512
-0.534175
-0.145396
0.073798
0.315962
-0.008638
-0.343573
-0.002038
-0.050189
-0.278358
-0.609444
-0.567372
-0.711858
-0.817721
-1.179296
-1.098639
-1.069012
-0.609370
-0.712559
-0.411478
-0.560230
-0.140769
-0.075810
-0.239676
0.100775
0.597585
1.055356
1.055356
1.201465
1.174966
1.361227
0.980438
0.938587
0.938587
0.546473
0.513501
0.074327
0.500688
0.643278
0.771890
1.073501
0.874940
1.001811
1.001811
1.433888
1.267725
1.267725
1.211015
1.683599
1.643033
1.643033
1.967293
1.967293
1.555976
1.747192
