0.000000
0.283099
0.118322
0.095719
0.511914
0.618883
0.519827
0.532760
0.532760
0.432988
0.002744
0.392976
0.131256
0.391505
0.329143
0.183191
0.563266
0.749936
0.689496
0.671987
0.603940
0.550974
0.957778
1.392782
1.186942
0.812417
1.262521
1.560319
1.195222
1.195222
0.899550
0.471879
0.363569
0.442999
0.442999
-0.021580
-0.021580
0.308432
0.056476
-0.212096
-0.201410
-0.229927
-0.726695
-0.743745
-0.621922
-0.774806
-1.072593
-1.072593
-1.461318
-1.185550
-1.354071
-1.089200
-0.814926
-0.766884
-0.768740
-0.805078
-1.166020
-1.444055
-1.012159
-1.016085
-1.016085
-1.016085
-0.754307
-0.736592
-0.992265
-1.154022
-0.879636
-0.930531
-0.565350
-0.256255
-0.313694
-0.451777
-0.426030
-0.827193
-0.500424
-0.500424
-0.692267
-0.472805
-0.587057
-0.704890
-0.555231
-0.357383
-0.214690
-0.036878
0.082081
-0.112681
0.054660
-0.288201
-0.393680
-0.660561
-0.360915
0.134385
0.393709
0.060663
-0.026854
0.052167
0.041977
0.179634
-0.302910
0.192255
0.289535
0.419778
0.358340
0.757426
0.734977
1.202254
1.468702
1.932206
1.623234
1.623234
1.322237
0.881097
0.390171
0.338152
-0.006511
-0.233524
-0.014858
-0.338619
-0.677795
-1.076938
-1.140353
-1.140353
-1.604686
-1.457975
-1.259262
-0.949891
-1.313720
-1.757698
-1.673113
-1.443715
-1.405540
-1.504555
-1.301368
-0.956246
-0.608245
-0.218433
-0.358490
-0.150228
-0.150228
-0.038987
0.218295
0.462022
0.908457
1.155188
1.636296
1.790325
1.427281
1.595606
1.133871
1.067630
1.347880
0.895063
0.783059
0.822472
0.696673
0.696673
0.821331
0.921038
1.156349
0.758582
0.916226
0.977233
0.977233
1.067640
0.644393
0.245079
0.550868
0.650512
0.825362
0.571433
0.820876
0.505454
0.655945
0.655945
0.984491
1.322477
1.279716
1.048401
0.767556
0.361875
0.042012
0.328199
0.328199
0.141386
-0.270086
-0.730369
-0.768880
-0.705554
-0.705554
-0.329949
0.138446
-0.099669
0.272360
0.410166
0.711190
0.940892
0.452572
0.628267
0.351245
0.351245
0.098413
0.115803
0.235273
0.459248
0.597154
0.309423
-0.045631
-0.003888
-0.027038
-0.260618
-0.458038
0.026942
0.267117
0.718002
0.645298
0.153178
-0.220017
-0.472055
-0.356160
-0.134620
0.224821
0.114872
-0.270929
-0.503846
-0.736712
-0.371839
-0.770715
-0.281173
-0.369622
-0.712068
-0.519580
-0.679259
-1.056595
-1.056595
-0.997951
-1.051075
-1.330396
-0.861186
-1.079804
-1.373524
-1.480427
-1.211623
-1.272415
-1.327181
-1.327181
-1.397567
-1.024471
-0.591295
-1.004699
-1.030636
-0.933684
-0.896024
-0.782978
-1.252913
-1.030537
-1.421450
-1.441994
-1.456534
-1.630438
-1.630438
-1.900454
-1.647519
-1.421374
-1.655556
-1.361803
-1.185174
-1.046487
-1.046468
-1.046468
-1.058018
-0.713014
-0.303485
-0.694148
-0.350254
-0.803407
-0.840687
-1.218198
-1.396216
-1.396216
-0.928348
-0.501983
-0.195661
-0.427578
-0.024184
-0.024184
-0.190352
0.171795
0.161392
0.360736
0.331061
0.241072
-0.006393
-0.404948
-0.751025
-0.803902
-0.673478
-0.176426
-0.631435
-0.226896
-0.504167
-0.760262
-0.672370
-0.710305
-0.570193
-0.810956
-1.039488
-1.199756
-1.199756
-0.964449
-0.474284
-0.079275
-0.576652
-0.676116
-0.676116
-0.680349
-0.894984
-1.294275
-1.395212
-1.765670
-1.574939
-1.524445
-1.080793
-1.250357
-1.546171
-1.644846
-1.817978
-1.470455
-1.906113
-1.906113
-1.906113
-1.949951
-1.949951
-1.619841
-1.961525
-1.918360
-2.356599
-2.356599
-2.249173
-1.978576
-1.978576
-2.032740
-1.750109
-1.750109
-2.224754
-2.614327
-2.365558
-2.119484
-1.653602
-1.508148
-1.773437
-1.595782
-1.268077
-1.186395
-1.448549
-1.824313
-1.729534
-1.729534
-1.779672
-1.713991
-1.410556
-1.166407
-1.071519
-1.015259
-0.993425
-0.993425
-0.710011
-0.554199
-0.086630
-0.236423
-0.584009
-0.283302
-0.754801
-0.756649
-0.351302
-0.818154
-0.771982
-0.534371
-0.847420
-1.158019
-1.517939
-1.517939
-1.740066
-1.424904
-1.428473
-1.504512
-1.267242
-1.032699
-0.782672
-0.715370
-0.715370
-0.733020
-1.170073
-0.700765
-0.935972
-0.540145
-0.470721
-0.621840
-0.608349
-0.630462
-0.350056
0.108724
-0.259276
-0.482932
-0.585185
-0.374378
-0.383164
-0.560205
-0.063763
-0.041645
0.310142
0.470444
0.123819
0.047596
0.328191
0.804125
0.357772
0.396340
0.021773
0.100598
0.496624
0.744566
0.542415
0.582804
1.028412
1.156275
1.319155
1.648712
1.184480
0.890468
0.890468
0.809970
0.332243
0.116597
0.306664
0.550871
0.550871
0.107331
0.107331
0.145536
0.198648
-0.188079
0.062154
-0.164115
-0.497011
-0.653514
-0.621403
-0.725786
-0.493218
-0.017734
-0.221027
-0.503681
-0.503681
-0.010913
-0.505002
-0.443101
0.045506
-0.290090
-0.290090
0.153369
0.015013
0.179451
0.082315
-0.021695
-0.350838
-0.399580
-0.303099
-0.317843
0.143026
-0.241561
-0.183941
0.137837
0.018507
0.018507
0.285370
0.583667
0.527264
0.379771
0.212987
-0.115628
-0.333917
-0.333917
-0.020740
-0.240273
-0.455957
-0.455957
0.035794
-0.338931
-0.139667
-0.454344
-0.072102
-0.295911
0.198598
-0.009926
-0.336891
-0.578477
-0.857307
-0.857307
-0.857307
-0.857307
-0.830857
-1.086579
-0.751234
-0.333865
-0.233390
-0.071871
-0.350335
-0.624960
-0.355098
-0.647086
-0.647086
-0.678597
-0.682420
-0.989833
-0.519416
-0.032498
-0.312444
-0.249579
-0.176318
-0.455072
-0.468199
-0.005241
0.212859
0.039663
0.096568
0.090071
0.371290
0.408826
0.646850
1.046536
1.111792
1.234004
1.234004
0.785211
0.609803
0.975459
0.897299
0.803523
0.803005
1.205221
1.419987
1.659587
1.822678
1.822678
1.903042
1.710075
1.710075
1.210899
0.854520
0.995321
1.085674
0.800047
0.800047
1.160284
1.160284
0.748201
0.538624
0.348396
0.348396
0.749898
0.565619
0.587202
0.404004
0.646147
0.843763
1.065560
1.035236
1.128119
1.128119
1.262647
0.823483
0.334125
-0.102352
-0.185763
-0.647534
-0.647534
-0.590255
-0.863675
-0.746288
-0.439850
-0.493188
-0.595313
-0.610672
-0.610672
-0.705634
-1.173984
-1.111570
-1.120330
-0.917685
-0.911438
-1.244739
-1.345319
-1.747262
-1.747262
-1.747262
-1.726810
-1.680418
-2.121625
-2.273757
-2.292898
-2.292898
-2.388577
-2.416478
-2.416478
-2.416478
-2.112903
-2.112903
-1.633851
-2.020488
-2.020488
-1.696447
-1.281769
-1.370933
-1.385875
-1.472359
-1.037881
-1.037881
-1.190066
-1.541527
-1.113429
-1.207642
-0.984123
-0.899555
-0.586734
-0.925752
-1.339921
-1.170064
-1.048073
-1.327401
-1.435995
-0.997539
-0.997539
-0.646733
-0.579344
-0.650624
-0.384696
-0.408634
-0.633282
-0.792021
-1.200618
-1.136419
-1.584768
-1.505195
-1.505195
-1.897582
-1.537364
-1.521545
-1.590883
-1.639709
-2.068069
-1.721437
-1.854921
-1.854921
-1.591785
-2.034288
-2.266265
-1.846852
-1.963567
-1.465042
-1.658270
-1.901378
-1.901378
-2.125662
-2.156845
-2.156845
-2.624220
-2.309330
-1.870036
-1.870036
-1.370376
-1.090223
-0.832723
-1.318639
-1.187984
-0.922339
-1.036622
-1.169041
-1.198829
-1.680994
-1.307777
-1.652544
-1.437121
-1.879825
-2.037090
-2.079042
-2.261007
-1.776621
-1.824742
-1.444721
-1.727932
-1.727932
-2.071407
-2.236991
-1.741693
-2.074514
-2.340957
-2.340957
-2.642024
-2.642024
-2.642024
-2.503511
-2.234210
-2.049428
-2.240652
-1.774150
-1.880373
-2.378005
-2.127630
-1.974343
-1.974343
-1.537487
-1.739575
-1.734730
-1.840980
-1.449163
-1.240518
-1.151091
-1.257459
-1.257459
-1.341761
-1.415935
-1.415935
-1.256109
-1.177638
-1.222119
-1.222119
-1.712171
-1.844165
-1.758028
-1.515464
-1.749164
-1.277380
-1.277380
-0.949053
-1.446001
-1.761721
-1.761721
-1.682120
-1.420936
-1.431848
-1.284789
-1.284789
-0.995352
-0.755348
-0.291574
0.017459
-0.347534
-0.060768
0.246346
0.474209
0.163922
-0.128861
-0.383277
-0.706368
-0.874260
-0.527284
-0.644517
-0.279156
-0.704536
-0.277829
-0.182166
-0.063976
0.429170
0.242709
0.242709
0.091735
0.523376
0.250316
-0.129104
0.024342
0.497096
0.073414
-0.332989
0.061808
-0.196466
0.249188
0.394172
0.664783
0.353928
0.188782
-0.065001
0.195535
-0.246004
-0.032055
-0.375832
-0.502271
-0.360049
-0.751649
-0.306039
-0.655191
-0.836627
-1.288645
-1.522598
-1.522598
-1.271826
-1.105413
-1.163017
-1.163017
-0.800670
-1.153314
-0.956396
-0.527811
-0.412548
-0.447759
0.022578
-0.375561
-0.552482
-1.001980
-0.645294
-0.468985
-0.046406
-0.199560
0.138765
0.410653
0.260695
0.320190
0.757904
1.106644
1.310315
1.310315
1.459042
1.270865
1.242279
1.518142
1.391143
1.885179
2.259252
1.987896
2.100052
2.354827
2.146868
2.146868
2.146868
2.284461
2.087715
1.595696
1.712867
1.712867
1.712867
1.427821
1.137158
1.148533
1.148533
1.178090
1.286053
1.734026
1.340733
1.267442
1.037137
0.806028
0.810147
1.251673
1.619793
1.397957
1.397957
1.292510
1.599919
1.409352
1.239828
0.819327
0.639337
0.344158
-0.088411
-0.543722
-0.930207
-0.776705
-0.374359
-0.374359
-0.357964
-0.150393
0.220610
-0.223710
-0.375331
0.011786
0.359497
0.422680
0.213116
0.028561
0.508167
0.398823
0.234506
0.496950
0.012675
-0.232120
-0.377373
-0.332271
-0.513356
-0.377990
-0.434696
-0.376104
-0.468513
-0.885595
-1.106569
-0.954788
-1.199368
-0.853515
-0.845729
-0.696695
-0.329126
-0.539757
-0.213690
-0.076931
0.235287
0.095197
0.104005
-0.145943
-0.145943
-0.182961
0.267411
0.509854
0.865679
0.627121
0.627121
1.044514
1.044514
1.485838
1.485838
1.755453
1.284648
1.671625
2.023043
1.779572
1.323646
1.318692
1.318692
1.413774
1.909049
1.888375
2.047902
2.232777
2.258753
2.474036
2.124571
2.290065
2.290065
2.642126
2.642126
2.642126
2.642126
2.692015
2.669548
2.701228
2.208242
2.208242
2.058810
1.632034
1.632034
1.299566
0.955502
1.172208
1.172208
0.973828
0.859887
0.535111
0.207228
0.207228
0.026073
0.150665
0.514993
0.514993
0.110193
-0.266961
-0.684572
-0.367037
-0.840934
-1.247144
-1.149133
-0.945014
-0.760646
-0.382549
-0.070019
-0.532834
-0.273484
-0.322384
-0.386585
-0.712536
-0.275969
-0.120089
0.307283
0.436590
0.074723
-0.166275
-0.026962
-0.361040
-0.080467
0.351854
-0.041177
-0.102825
0.010376
-0.455475
-0.455475
-0.881974
-1.270093
-0.857692
-1.252899
-1.334077
-1.334077
-1.721495
-2.153048
-2.153048
-2.153048
