0.000000
0.060785
0.426218
0.602772
0.121683
0.121683
0.260692
0.660123
1.025802
0.692968
1.139892
1.139892
1.206057
1.062440
1.262227
1.262227
1.514706
1.116160
1.116160
1.203171
1.229694
0.935408
0.878747
0.636858
0.458336
0.031571
0.490528
-0.004395
-0.036925
-0.452514
-0.085045
-0.006432
-0.231535
0.029327
-0.014159
-0.432894
-0.350445
-0.082239
-0.129589
-0.503367
-0.093141
0.334725
0.412403
0.720363
0.934794
1.106635
0.802533
0.615522
0.315246
0.315246
0.688660
0.961961
0.746250
0.893773
0.792548
1.194097
0.986528
1.345394
1.134146
1.134146
1.170261
1.075528
0.922724
0.963864
0.700224
0.543744
0.565004
0.748103
0.407427
0.407427
0.407427
0.685818
0.787645
0.358967
0.775818
1.204495
0.892743
1.114566
1.114566
0.978293
0.978293
0.626523
0.281725
0.327510
0.001646
-0.131236
-0.613238
-0.871823
-1.046646
-1.408533
-1.408533
-1.673098
-1.231855
-1.283432
-0.811614
-0.796082
-0.711794
-0.424597
-0.219297
-0.196568
-0.139660
0.087615
-0.258243
0.109078
0.166370
-0.025867
0.187333
-0.232283
-0.485807
-0.903230
-1.258762
-0.868342
-0.637666
-0.637666
-1.025460
-0.857236
-0.641036
-0.300232
-0.071936
-0.033881
0.231044
0.659044
1.148527
0.662677
0.550143
0.086659
0.149820
0.300043
0.297889
0.306259
0.780757
0.780757
0.780757
1.253904
1.280921
0.831185
0.934596
0.934596
0.486281
0.688953
0.332177
0.795269
0.842882
0.789527
0.305226
0.546356
0.725234
0.404186
0.206411
0.663022
0.328037
0.616627
0.215485
0.289699
0.002344
0.433682
0.260362
0.142124
0.325957
0.325957
-0.054665
-0.126963
0.327270
0.327270
0.407235
0.407235
0.057334
0.542261
0.712285
0.446727
0.923524
1.233269
1.642726
1.909391
1.974379
1.640322
1.355304
0.934321
0.934321
1.187437
1.258368
1.629323
1.836772
1.954357
1.954357
2.069582
2.069582
1.873219
2.034537
2.034537
2.127654
2.127654
2.127654
2.306012
1.983239
2.149276
1.785017
1.788415
1.465388
1.213139
1.535077
1.077174
1.310896
1.371303
1.404642
1.506310
1.294081
1.468954
1.468954
1.175847
1.143377
1.119492
0.753408
0.491628
0.224312
0.431367
0.561858
1.057348
0.854725
0.914052
1.340603
0.883179
0.543517
0.415585
0.141321
0.026847
-0.134684
-0.537304
-0.915598
-0.946501
-1.415798
-1.342115
-1.242690
-1.242690
-1.253194
-1.253194
-1.712595
-1.988309
-2.151877
-2.381307
-2.254390
-2.460187
-2.507038
-2.273052
-2.066988
-1.690005
-1.427065
-1.561927
-1.727321
-1.774158
-1.837828
-1.837828
-1.816927
-1.849957
-1.406563
-1.309047
-1.459684
-1.522042
-1.800914
-1.325530
-1.365405
-1.399321
-1.399321
-1.747231
-1.465524
-1.165099
-0.756099
-0.780025
-1.154014
-0.790840
-1.184449
-0.697988
-0.849473
-0.826642
-0.983612
-1.340070
-1.689362
-1.475181
-1.259523
-1.733021
-1.343652
-1.306009
-0.956997
-1.125061
-0.944611
-0.543321
-0.743940
-0.324881
0.030179
0.261873
0.671623
0.453148
0.572456
0.468637
0.429192
0.761090
0.319369
0.169117
0.074855
0.341472
0.541245
0.631218
0.509056
0.182180
0.244805
0.543507
0.680257
0.300574
-0.060254
0.116326
0.471053
0.326903
0.743162
1.099828
0.741087
0.908632
1.192482
0.989618
1.183205
1.625007
1.575493
1.575493
1.281192
1.281192
1.554159
1.359989
1.153094
0.863049
0.652496
0.966256
0.913882
1.174195
1.299508
0.971537
1.136731
1.267073
1.382755
1.699792
1.428175
1.618004
1.180893
1.180893
1.134366
1.461307
1.525860
1.199925
1.430931
1.620838
1.783392
1.572155
1.433752
1.788325
2.276519
1.954159
1.552022
1.435015
1.435015
1.475370
0.999436
0.528020
0.457409
0.860126
1.161448
0.748786
0.561896
0.983261
0.626663
1.030275
0.758132
0.523981
0.716738
0.399641
-0.055660
0.021837
-0.274312
-0.349404
-0.787331
-0.378672
-0.401360
-0.298766
-0.217240
-0.630283
-0.397737
-0.810097
-0.463301
-0.327337
-0.522890
-0.522890
-0.522890
-0.515767
-0.329879
-0.044432
0.040091
-0.300605
-0.300605
-0.350930
-0.495645
-0.476513
-0.738395
-0.364829
-0.240335
-0.545775
-0.158959
0.081895
-0.328852
-0.550998
-0.074483
0.263330
0.707179
1.043469
0.914382
0.851916
0.512067
0.106333
0.548566
0.284719
-0.202250
-0.202250
0.171354
0.546135
0.180958
0.531621
0.402914
0.270995
0.013256
0.430328
0.474511
0.494697
0.935021
0.717316
0.858913
0.800410
1.164856
1.588042
1.420548
1.420548
1.260171
1.206107
1.056634
0.570153
0.376774
0.235539
0.394152
0.322061
0.253277
0.238821
0.676862
0.681309
0.926035
1.040098
0.617738
0.430384
0.430384
0.232832
-0.047359
0.331794
0.259171
0.749880
1.014921
0.629585
0.759327
1.015260
1.015260
1.054954
0.764513
1.195642
1.433402
1.433402
1.065077
1.110563
0.625783
0.625783
0.625783
0.299362
0.677226
0.978270
1.387490
1.439084
1.232932
1.731838
1.451558
1.451558
1.477406
1.564645
1.097684
1.506399
1.728837
1.974129
1.782966
1.782966
1.996176
2.246536
2.329857
1.870336
1.603792
1.874524
1.766670
1.842870
1.451698
1.823972
1.829666
1.829666
1.418676
1.425670
1.151194
1.259520
0.953593
0.953593
1.098750
0.956468
1.137508
0.932284
0.932284
0.792017
0.601359
0.351661
0.065420
0.562804
1.019088
1.019088
0.889818
0.814890
0.589556
0.627394
0.484704
0.440012
0.021595
0.042720
-0.144989
-0.297352
-0.124386
-0.603511
-0.641227
-0.154035
0.214262
0.048594
-0.265393
-0.200165
-0.576052
-0.761860
-0.627443
-0.627443
-0.257271
-0.294359
0.105856
-0.346237
-0.306127
-0.019914
0.038800
-0.319479
-0.775394
-0.437330
-0.661041
-0.541843
-0.541843
-0.202658
-0.623685
-0.958609
-0.958609
-1.125444
-1.403395
-0.927067
-0.940058
-0.940058
-0.456293
-0.229832
-0.191462
0.161107
0.618533
0.402012
0.716108
1.053724
0.845890
0.800297
0.800297
0.556451
0.063043
0.364407
0.539693
0.401685
0.324226
0.619358
0.215285
0.706108
0.960851
1.315555
1.120944
1.558516
1.423094
1.029448
1.007825
0.817051
0.751101
1.147926
0.953239
1.240080
1.171764
1.171764
0.862983
0.614815
0.360811
0.016888
-0.428579
0.036059
0.127325
0.411089
0.049648
0.117344
0.041769
-0.336196
-0.076161
-0.389661
-0.826325
-0.926880
-0.483001
-0.762950
-0.762950
-0.287082
-0.274954
-0.747663
-0.470928
0.025938
-0.159611
-0.180825
-0.654337
-0.778516
-1.263872
-0.939656
-0.949622
-1.078793
-1.124347
-1.454975
-1.454975
-0.981094
-0.905606
-0.496868
-0.748955
-0.294504
-0.702580
-0.353738
-0.456603
-0.245193
0.080870
0.171645
-0.001245
0.296912
0.311875
0.181353
0.195546
0.326238
0.326238
0.144288
-0.215140
0.275613
0.157541
0.028681
-0.125193
-0.073544
-0.241526
-0.241526
-0.066502
0.007943
-0.428680
-0.621435
-0.621435
-0.631762
-0.756400
-0.941062
-1.053727
-1.219882
-0.955728
-1.037203
-0.793509
-0.639405
-0.654494
-0.808911
-1.088482
-0.650364
-0.230267
-0.062083
-0.230223
-0.397301
-0.339613
-0.113313
-0.273572
-0.273572
-0.618578
-0.766780
-1.063813
-0.676122
-0.236389
-0.236389
-0.708546
-1.206961
-1.067095
-1.429222
-1.130343
-0.821417
-0.729266
-0.337530
-0.235465
-0.524440
-0.367268
0.091347
-0.122533
-0.422146
-0.328097
-0.374870
-0.772142
-0.414570
-0.848516
-1.344035
-1.344035
-1.501134
-1.291755
-1.178637
-1.354778
-1.717798
-1.247006
-1.074712
-1.222288
-1.417727
-1.242307
-0.754500
-0.999890
-0.999890
-1.202518
-1.502883
-1.502883
-1.502883
-1.423528
-1.400200
-1.634298
-1.753112
-1.753112
-1.699728
-1.699728
-1.585586
-1.538345
-1.868829
-2.222126
-2.215316
-2.165351
-1.954856
-1.878086
-1.463996
-1.056994
-1.090939
-0.743313
-0.648648
-0.542673
-0.215531
-0.418369
-0.486049
-0.608406
-0.608406
-0.612446
-0.743461
-0.790461
-0.704004
-0.436097
-0.436097
-0.697893
-0.637884
-0.671446
-0.449493
0.013097
-0.423818
-0.835551
-0.951630
-1.235013
-1.534368
-1.538272
-1.793593
-1.743563
-1.531315
-1.440882
-1.370859
-1.802954
-1.836504
-2.077623
-2.198353
-2.198353
-2.198353
-2.161661
-2.323693
-2.243363
-2.243363
-1.750475
-1.527856
-1.349658
-1.355354
-1.355354
-1.246166
-1.246166
-1.249340
-1.249340
-1.499544
-1.517612
-1.626088
-1.598999
-1.691450
-1.714341
-2.195547
-2.165005
-1.748608
-2.217827
-2.217827
-2.269944
-2.269944
-2.226807
-2.451504
-2.883404
-2.888686
-2.507492
-2.956422
-3.100176
-2.694754
-2.475273
-2.475273
-2.022945
-1.599086
-1.742423
-1.584351
-1.988151
-2.426441
-1.994387
-1.994387
-1.796397
-1.419431
-1.749706
-1.578926
-1.578926
-1.578926
-1.447891
-1.460141
-1.748335
-1.748335
-1.685348
-1.685348
-1.281386
-1.281386
-1.682860
-1.504940
-1.213391
-1.231700
-0.750048
-0.644844
-0.417662
-0.381372
-0.520968
-0.192989
-0.205606
-0.626665
-0.192448
-0.569636
-0.543859
-0.543859
-0.347294
-0.338255
0.075508
0.446370
0.249926
0.354020
0.062012
-0.424156
0.044046
0.387030
0.764897
0.402359
0.538721
0.255024
0.081576
-0.323091
-0.323388
-0.656165
-0.656165
-0.208280
-0.089996
-0.149669
0.257087
0.523091
0.202102
-0.234988
-0.100945
0.199552
-0.074998
0.140679
-0.053542
-0.048281
-0.379867
-0.203706
0.070289
0.103834
-0.115828
0.309077
-0.128695
-0.319717
-0.242347
0.207891
-0.275933
-0.741534
-1.172853
-1.212222
-1.212222
-1.212222
-1.558187
-1.470084
-1.470084
-1.437009
-1.144563
-0.788149
-0.544379
-0.803426
-0.839175
-0.485298
-0.668282
-0.668282
-0.474678
-0.061699
0.015913
-0.176497
-0.353505
-0.698225
-0.698225
-0.789034
-1.086485
-1.086485
-1.086485
-1.086485
-0.887296
-0.625412
-0.796562
-1.219540
-1.111487
-1.003487
-1.266175
-1.266175
-1.483220
-1.644806
-1.817556
-2.075117
-2.096169
-1.696739
-1.501269
-1.579560
-1.124747
-1.100461
-0.813373
-0.444471
-0.001144
-0.181295
-0.608829
-0.493278
-0.493278
-0.470846
-0.895113
-0.696290
-0.818638
-0.873953
-0.873953
-0.532881
-0.210371
0.215265
0.587799
0.621863
0.163467
0.576399
0.371198
0.138324
0.295149
0.325504
0.580834
0.250800
-0.224470
-0.595130
-0.595130
-0.954408
-0.789973
-0.862730
-0.638957
-0.822103
-0.979010
-0.979010
-1.028967
-1.199707
-1.200562
-1.224569
-0.993185
-0.894595
-0.468677
-0.020364
-0.395311
-0.036562
0.417255
0.417255
0.608514
0.511816
0.319441
0.496531
