0.000000
0.340188
0.751835
0.529610
0.658481
1.110710
0.752313
0.408992
0.748104
0.741687
1.133217
1.582544
1.431437
1.431437
1.306644
1.306644
1.446623
1.386727
1.237087
1.237087
0.952912
1.093993
0.820099
0.489707
0.974458
0.706720
1.000190
0.552719
0.552719
0.146200
0.107620
0.107620
0.478160
0.141292
0.093868
-0.101837
0.145966
0.145966
-0.190066
-0.060587
-0.231810
0.239656
0.332196
0.266709
0.442185
-0.016950
-0.332328
-0.091890
-0.059449
-0.197848
-0.409468
-0.082077
0.116998
0.533271
0.826928
0.903128
1.252070
1.479620
1.157828
0.982635
0.817606
0.468836
0.300222
0.458969
0.166812
-0.007174
-0.371100
-0.087818
-0.087818
-0.493898
-0.862196
-0.670120
-0.575074
-0.465345
-0.465345
-0.674517
-0.515371
-0.794361
-0.512099
-0.781103
-1.266524
-1.506079
-1.694128
-1.575681
-1.273785
-1.273785
-1.273785
-0.894775
-0.891314
-0.685248
-0.258672
0.180457
0.337658
0.475429
0.445993
0.557974
0.090938
-0.296415
-0.344292
-0.126695
-0.149334
-0.008568
0.414945
0.414945
0.681959
0.401095
0.785413
0.785413
1.047025
1.169192
1.323072
1.196627
1.257499
1.257499
0.930564
0.723453
0.699259
1.123798
1.249923
0.869913
0.440470
0.233647
0.165490
0.189039
0.578382
0.760304
0.449368
0.193516
0.618736
0.595091
0.320326
-0.163023
-0.355855
-0.522963
-0.522963
-0.496133
-0.384722
-0.540762
-0.747877
-0.764228
-0.552874
-0.576926
-0.154354
-0.552874
-0.552874
-0.207601
-0.383618
-0.223740
-0.194855
-0.179919
-0.371672
-0.371672
-0.808998
-0.712807
-0.806192
-0.516948
-0.269671
-0.253533
0.002413
0.346694
0.735127
1.182128
0.824246
0.953606
1.071188
0.743910
0.686953
0.794553
0.688792
1.070024
1.146745
1.126900
0.920072
1.107599
0.720563
0.686398
0.341108
0.481476
0.173106
0.022430
0.022430
-0.038579
-0.398241
-0.297836
-0.402152
0.056602
-0.024254
-0.450616
-0.748384
-0.773220
-0.372324
-0.051398
0.076120
-0.138731
-0.138731
0.286688
-0.027283
0.359061
0.729114
0.342025
0.698851
0.559015
0.437814
0.631506
0.595899
0.277902
0.163184
0.193736
-0.081621
0.157846
0.297944
0.384481
0.528993
0.665649
0.489404
0.489404
0.586518
0.253759
-0.052677
-0.340891
-0.114045
0.170444
0.170444
0.577408
0.112447
0.047187
0.210439
-0.161818
0.107256
0.408031
-0.056450
0.271165
0.151039
0.219115
-0.174613
-0.319244
-0.078794
0.124777
-0.078852
0.054671
0.201511
0.182635
0.374381
0.592159
0.739831
0.274138
0.103480
-0.141614
-0.552184
-0.613260
-0.364030
-0.319145
-0.479119
-0.536330
-0.977167
-0.863913
-1.239944
-1.349655
-1.633198
-1.633198
-1.633198
-1.554495
-1.431507
-1.184872
-0.959101
-0.768600
-0.483253
-0.163879
-0.196605
0.248092
0.006348
0.131945
-0.050131
0.147610
0.227658
0.368846
0.368846
0.352589
0.121828
0.133214
0.068430
0.412912
0.062794
-0.346837
-0.686703
-0.323785
0.056812
-0.175581
-0.027414
0.392067
0.179248
-0.216421
0.191688
0.009878
0.485259
-0.000836
-0.403293
-0.154742
-0.391125
-0.462817
-0.615530
-0.679382
-0.577351
-0.944794
-0.517088
-0.872888
-1.155588
-1.541372
-1.078735
-0.691999
-0.578192
-0.254533
-0.067239
0.168484
0.085190
0.343479
-0.018439
0.060737
0.094373
0.513366
0.775537
0.775537
1.048181
1.033100
1.033100
1.051536
0.957453
0.957453
0.460911
0.528728
0.190081
-0.201312
0.097163
0.358192
0.097065
0.568112
0.880301
0.880301
0.880301
0.843679
0.391267
0.543781
0.551556
0.285499
0.079490
0.079490
0.259670
-0.016166
-0.310119
-0.701334
-0.953904
-0.953197
-0.953197
-0.669390
-0.604906
-0.258263
-0.206582
-0.021784
0.195443
0.200399
0.326500
-0.064216
-0.265517
-0.432811
-0.377922
0.045870
-0.287293
-0.342914
-0.116339
-0.327383
-0.624596
-1.112294
-1.550228
-1.550228
-1.980284
-1.533757
-1.308402
-1.308402
-0.898141
-1.101161
-0.967427
-0.748027
-0.681409
-1.083890
-0.608675
-0.112938
-0.403207
-0.233335
-0.063417
0.329842
0.686985
0.208079
-0.076887
0.122716
-0.059737
-0.480456
-0.374606
-0.094323
-0.018275
-0.486271
-0.486271
-0.014212
0.138619
0.266810
-0.091984
-0.532686
-0.613901
-0.739488
-0.736340
-0.905693
-0.520219
-0.783844
-0.864654
-0.467113
-0.467048
-0.514143
-0.838647
-1.180040
-1.224563
-1.054804
-1.249724
-1.435669
-1.435669
-1.765448
-1.843474
-1.629383
-1.880987
-1.476016
-1.389525
-0.983361
-0.759460
-0.759460
-0.408256
-0.353884
-0.323841
-0.569896
-0.198045
-0.595566
-0.352403
-0.523118
-0.027206
-0.475039
-0.139691
0.251818
0.274107
0.161111
-0.052312
-0.514654
-0.883410
-0.883410
-0.489012
-0.324696
-0.609058
-0.448532
-0.075629
-0.268096
-0.493761
-0.214147
-0.231317
-0.335562
-0.315702
-0.191566
-0.123918
-0.144230
0.074070
-0.081774
-0.314894
-0.584755
-0.679011
-0.488094
-0.464823
-0.464823
-0.464823
-0.600128
-1.065748
-1.065748
-1.065748
-0.886461
-1.048035
-0.731384
-0.471696
-0.048332
0.246431
0.715501
0.609450
1.031261
1.009257
1.009257
0.651482
0.613372
0.613372
0.334959
0.529999
0.414999
0.079654
-0.321380
-0.326026
-0.448429
-0.338693
-0.007370
-0.057025
-0.552087
-0.882495
-0.868392
-0.406279
-0.635025
-0.635025
-0.635025
-0.765233
-0.929520
-1.261295
-1.261295
-1.261295
-1.023570
-0.532157
-0.908319
-0.676363
-0.856217
-1.034691
-0.591952
-0.282449
-0.403591
-0.403591
-0.231569
-0.666592
-0.376713
0.107551
-0.078052
-0.363590
-0.314072
-0.774937
-0.626486
-0.626486
-0.424048
-0.900725
-1.140695
-0.977234
-1.236573
-1.396653
-1.396653
-0.908271
-1.354658
-1.102746
-0.960225
-0.708930
-0.606709
-0.435943
-0.349656
-0.186262
-0.584527
-0.492880
-0.492880
-0.753571
-1.089775
-0.760787
-0.750386
-0.531382
-0.219673
0.200196
-0.217931
-0.471486
-0.112592
-0.122011
-0.368791
-0.368791
-0.220773
-0.457014
-0.190627
-0.464147
-0.440931
-0.354627
-0.276573
-0.607634
-0.971928
-0.971928
-0.948422
-0.939217
-1.181021
-1.181021
-0.738633
-0.738633
-1.139171
-1.191607
-1.311063
-1.797504
-1.351744
-1.351744
-0.982826
-0.507833
-0.565092
-0.991377
-0.875535
-0.647949
-0.410394
-0.704401
-0.561069
-0.238983
-0.238983
-0.149354
-0.185195
0.289007
0.491648
0.573732
0.569705
0.920712
0.920712
0.830347
0.466222
0.662952
0.473896
0.806995
0.341021
0.838473
1.230589
1.189243
1.189243
1.189243
1.189243
1.225807
1.459775
1.459775
1.459775
1.459775
1.358473
1.649462
1.389194
0.958332
0.927367
0.757259
1.199447
1.191018
0.905440
0.903298
0.864760
0.546877
0.163384
0.306784
0.559179
0.378963
0.359334
0.204835
0.158094
0.096336
0.272251
0.111853
0.111853
0.286772
0.188926
-0.097083
-0.295685
-0.235508
0.160984
-0.220281
-0.370500
-0.737469
-0.737469
-0.529048
-0.747401
-0.747401
-1.078623
-1.141233
-1.305946
-0.844350
-0.429828
-0.841790
-0.767172
-0.482243
-0.130742
0.216288
0.111818
-0.229590
-0.084778
0.094865
0.234838
-0.057450
-0.040424
0.230963
0.640601
0.868858
0.706065
0.979668
0.975618
1.211779
0.888158
0.461907
0.521931
0.769087
1.046180
0.745068
0.823945
0.777618
0.899337
0.899337
0.687232
0.320337
0.501962
0.140542
0.155875
0.329834
0.684806
0.401741
0.019859
0.260255
-0.223526
-0.332348
-0.658018
-0.658018
-0.163383
0.016954
-0.468669
-0.715784
-0.546724
-0.493785
-0.290116
-0.640152
-0.584634
-0.433918
-0.616487
-0.689441
-0.937807
-1.281145
-1.350242
-1.782131
-1.575556
-1.575556
-1.247926
-1.247926
-1.135513
-0.842207
-0.937668
-0.943034
-0.548383
-0.622508
-0.452674
-0.813814
-1.284021
-0.893935
-1.108721
-0.926923
-0.867252
-1.358174
-1.066661
-0.947855
-0.947855
-1.161439
-1.161439
-1.307265
-1.549476
-1.952981
-2.423264
-2.715560
-2.475774
-2.613570
-2.613570
-2.807560
-2.434697
-1.938101
-1.550301
-1.619669
-1.802669
-1.315730
-1.698061
-1.347414
-1.393402
-1.670064
-1.223646
-1.428897
-1.193373
-1.193373
-1.501502
-1.346603
-0.865009
-0.397873
-0.465694
-0.374217
-0.565843
-0.174558
-0.539793
-0.316568
-0.734834
-0.734834
-0.788865
-0.396445
-0.396445
0.067810
0.254489
0.170046
0.087632
0.377649
0.377649
0.559543
0.731345
0.388652
0.388652
0.421714
0.111223
0.601669
0.635963
0.255521
0.751290
1.030011
0.712817
0.783074
0.783074
0.570038
0.450401
0.382783
0.829532
0.982811
0.702859
0.995548
1.264279
1.210072
0.894732
0.986814
0.986814
0.862538
0.951798
0.704631
0.704441
0.704441
1.050451
0.736502
0.514947
0.942314
0.715465
1.002280
1.054027
0.799996
0.423070
0.423070
0.849895
0.479242
0.957353
0.737613
0.459061
0.478515
0.173957
0.364533
0.162887
0.497708
0.488992
0.594025
0.242837
-0.170009
-0.271491
-0.596627
-0.295871
-0.303008
-0.463037
-0.318600
-0.542308
-0.542308
-0.507486
-0.507486
-0.400536
-0.327651
0.027260
0.242576
0.512194
0.870191
1.169138
0.949237
1.090864
0.818809
0.951238
1.227717
1.656740
1.656740
1.314944
1.314944
1.055197
0.648335
0.383146
0.517869
0.760776
0.736765
0.508706
0.857428
0.478747
0.536469
0.102480
-0.237125
-0.419802
-0.481540
-0.437157
-0.006017
-0.073871
-0.231173
0.213663
-0.275751
-0.206725
-0.059965
0.320737
0.815632
0.815632
0.347639
0.658838
0.782908
0.584615
0.896178
0.896178
0.514101
0.184749
0.334366
0.401424
0.075286
-0.056678
-0.477856
-0.552392
-0.411966
-0.702584
-0.702584
-0.473586
-0.140232
0.200335
-0.180843
-0.435879
-0.812804
-0.897668
-0.522952
-0.071523
0.351353
-0.002655
-0.472208
-0.666142
-0.666142
-0.913173
-0.618567
-0.173758
0.070973
0.459699
0.459699
0.889168
1.159816
1.193918
1.366269
1.366269
0.936806
1.059924
1.021294
0.586423
1.042358
0.774676
1.127426
0.726184
0.989716
1.026624
0.705816
1.013960
1.224979
1.252632
0.834334
0.634780
0.228191
0.373136
0.111832
0.595554
0.282233
0.282233
0.535785
0.119943
0.553839
0.554085
0.272182
0.272182
0.690676
0.718992
0.516059
0.627022
0.986706
1.256709
0.992361
0.516653
0.335886
0.597267
0.514583
0.650055
0.623417
0.787232
0.760954
0.468550
0.455568
0.647093
0.344475
0.733775
0.891141
0.912119
1.084492
1.280210
0.799513
0.997075
0.589104
0.465676
0.160169
-0.164488
0.183228
0.680086
1.121145
0.735490
