0.000000
0.000000
0.119621
0.571241
0.642830
0.892252
1.174785
0.937155
1.166965
1.307966
1.632819
1.554210
1.607107
1.607107
1.342495
1.493420
1.156332
1.156332
0.692078
0.391023
0.391023
0.134266
0.029798
0.201976
-0.154206
0.069999
-0.176196
-0.566851
-0.987209
-1.313505
-1.531489
-1.388113
-1.356990
-1.019572
-1.019572
-1.004356
-0.978183
-0.635957
-0.604813
-0.182308
0.119295
0.426361
0.493265
0.263473
-0.058213
0.231004
0.231004
0.231004
0.231004
0.190779
-0.286626
-0.543520
-0.208111
-0.303155
-0.593877
-0.608028
-0.889897
-0.622282
-0.568054
-0.840102
-0.904946
-0.756435
-0.873807
-0.873807
-0.394270
-0.015853
-0.015853
0.337819
0.337819
0.028131
-0.009391
0.062764
-0.302766
-0.536572
-0.478268
-0.690298
-1.054712
-0.746308
-1.218475
-1.218475
-1.587761
-1.671496
-1.391309
-1.140630
-0.676618
-0.271960
-0.307150
-0.796646
-0.467352
-0.467471
-0.406640
-0.259527
-0.631935
-0.631935
-0.969961
-0.829588
-0.682159
-0.635041
-0.737344
-0.868639
-0.868639
-1.035046
-1.205151
-1.047887
-1.047887
-0.928110
-0.530400
-0.266011
-0.323372
-0.323372
-0.337277
-0.378851
-0.559542
-0.394384
-0.660589
-0.586328
-0.627200
-0.805420
-0.445618
-0.625081
-0.342484
-0.213830
-0.145165
0.007777
0.392653
0.599404
0.155979
0.061498
0.390571
0.340043
0.157029
0.310504
0.720196
0.387823
0.178870
0.169128
0.309817
-0.032850
-0.073124
-0.099128
-0.553138
-0.083549
0.386377
0.586755
0.117260
-0.239645
-0.437046
-0.442439
-0.478200
-0.643057
-0.529865
-0.272637
-0.272637
-0.054041
-0.095309
0.232209
-0.156355
-0.211191
-0.249903
-0.683495
-1.065767
-1.065767
-1.065767
-0.924476
-0.924476
-0.602211
-0.895065
-1.245014
-0.751001
-0.285045
-0.118497
-0.019151
0.190417
-0.121100
-0.246336
-0.726902
-0.495037
-0.556439
-0.973716
-0.476238
-0.259797
-0.530717
-0.415935
-0.548014
-0.270208
0.205471
0.265338
0.312222
0.539305
0.217578
0.119842
-0.003578
0.047706
0.079760
0.104438
0.553703
0.248926
0.105624
0.357472
0.312885
0.312885
0.409618
0.399589
0.842287
1.223365
1.223365
1.036293
0.837486
0.875705
0.574205
0.219583
-0.105662
-0.016254
0.337559
0.113512
-0.380195
-0.429411
-0.857983
-0.359021
-0.505899
-0.052417
0.040947
-0.019604
-0.377099
-0.307169
-0.646690
-0.946745
-0.459573
-0.931348
-0.789599
-1.131090
-0.943671
-1.156763
-1.313492
-1.575236
-1.748362
-1.700998
-1.376598
-1.376598
-1.072711
-1.036114
-0.715758
-0.448251
-0.653023
-0.640175
-0.991509
-0.903429
-1.050445
-0.612805
-0.612875
-0.495256
-0.433971
-0.672810
-0.644992
-0.240148
-0.011986
-0.308269
0.008863
-0.399866
-0.455998
-0.494522
-0.494522
-0.702368
-0.434567
-0.128419
0.304399
-0.185508
0.000164
0.346751
0.202211
0.053378
0.216885
0.216885
0.441094
0.484238
0.346539
0.221527
0.548405
0.888255
0.488458
0.637536
0.339242
0.418914
0.721428
0.721428
0.332833
0.174526
0.015413
-0.438468
-0.637008
-0.490593
-0.148576
-0.322270
-0.546234
-0.240880
0.071794
-0.183229
0.260477
0.557717
0.557717
0.545287
0.349116
0.316394
0.683506
0.400997
0.621247
0.454331
0.019211
0.087169
-0.322937
-0.518164
-0.633370
-0.633370
-0.279331
-0.375414
-0.635715
-1.061547
-1.156086
-0.677114
-1.138959
-0.736612
-0.804260
-0.325913
-0.606734
-0.571547
-0.657497
-0.473283
-0.366873
-0.533529
-0.372385
0.049210
-0.182419
0.117612
0.455244
0.401730
0.401730
0.018771
0.018771
0.257514
0.065919
0.090475
0.149144
0.146341
0.314992
0.314992
0.595946
1.044686
1.226561
1.613660
1.897663
1.908782
1.854996
1.854996
1.663113
1.832118
2.095495
1.835366
1.607216
1.570734
1.426082
1.770924
1.522155
1.853491
1.873467
1.685501
1.781544
1.449890
0.954181
0.853774
0.725998
1.047358
0.584563
0.650328
0.827311
0.829418
0.642592
0.534468
0.957465
0.602932
0.162464
0.564437
0.315926
0.590392
0.590392
0.807733
1.188820
0.995882
0.497342
0.500289
0.489811
0.638036
0.403619
-0.038700
0.094732
-0.086522
-0.451285
-0.317230
-0.086351
0.134050
0.316132
0.097619
-0.056082
0.433066
0.436497
0.209771
0.380002
0.520003
0.161815
0.293146
0.175064
0.510081
0.018166
-0.265516
-0.478528
-0.560514
-0.332466
-0.051320
-0.094537
-0.529379
-0.293176
-0.592793
-0.592793
-0.464347
-0.787571
-0.910342
-0.746316
-0.626159
-0.183951
-0.651989
-0.165185
-0.247121
0.001159
0.431282
-0.020368
-0.330379
0.029341
-0.163470
0.335727
0.208663
0.221748
0.656998
0.636749
0.663243
0.345628
0.224582
0.026477
-0.212930
-0.026412
0.037961
-0.097004
-0.048824
-0.146185
-0.146185
-0.180427
-0.529784
-0.258494
0.160699
0.087570
-0.279553
-0.258220
-0.087946
-0.087946
-0.021821
0.234325
0.103488
-0.256852
-0.565963
-0.685680
-0.929585
-0.509528
-0.682686
-0.291059
-0.382720
-0.593028
-0.696097
-0.688601
-0.573598
-0.385821
-0.385821
-0.577899
-0.716576
-1.012797
-0.643771
-0.503380
-0.239649
-0.138604
-0.513005
-0.962137
-0.822565
-0.794209
-0.832378
-1.230740
-1.588921
-1.588921
-1.427614
-1.234351
-0.994851
-0.961957
-1.330205
-1.311976
-1.533564
-1.405554
-1.405554
-1.052037
-0.752132
-1.122714
-1.468155
-1.900463
-2.006334
-2.037744
-2.057779
-2.170538
-1.952652
-2.027260
-2.470765
-2.642037
-3.099115
-2.775306
-2.371235
-1.920864
-2.275867
-2.352649
-2.273666
-2.448254
-2.174493
-2.174493
-1.956557
-2.346254
-2.597641
-2.581585
-2.581585
-2.112524
-1.759846
-1.904688
-1.904688
-1.558732
-1.292333
-1.229866
-1.283688
-1.111109
-1.131945
-1.423000
-1.318038
-1.263633
-1.636363
-1.636363
-1.636363
-1.658118
-1.846198
-1.357455
-1.288078
-1.018717
-0.589728
-0.819330
-0.837032
-0.698967
-0.524341
-0.445654
-0.445654
-0.723994
-0.371977
-0.299027
-0.529227
-0.121363
-0.162946
-0.550742
-0.790474
-0.410680
-0.046811
-0.469090
-0.696648
-0.603749
-0.222819
-0.584333
-0.830486
-0.830486
-0.920835
-0.920835
-0.452908
-0.240878
-0.220837
-0.117561
0.194676
0.044265
-0.215138
-0.321152
-0.587752
-0.616989
-0.494815
-0.044964
-0.044964
0.199787
0.296382
0.602889
0.207301
-0.040289
-0.461982
-0.732708
-1.002686
-1.033074
-0.878737
-0.793020
-0.856371
-1.134223
-1.174440
-1.174440
-1.380492
-1.669524
-2.057593
-1.645045
-1.645045
-1.645045
-1.645045
-1.683175
-1.417242
-1.099986
-0.735524
-0.735524
-0.767537
-1.149478
-0.990459
-0.547573
-0.893691
-1.184223
-0.719121
-0.719121
-0.763944
-0.574912
-1.002505
-1.272525
-1.030800
-0.593044
-0.310552
0.042655
0.477494
0.601364
1.073285
1.073285
1.244783
1.224206
1.543767
1.288496
1.330695
1.456861
1.243991
1.243524
1.097204
1.194110
1.237788
1.689860
1.490898
1.227868
1.012099
0.901788
0.439483
0.571164
0.703542
0.784639
0.784639
0.353785
0.752655
0.850222
0.594482
0.970422
0.521722
0.761069
0.327590
0.327590
0.064991
-0.037087
0.460446
0.547122
0.762791
0.638792
0.731159
1.203147
1.341386
1.026141
1.287284
0.852315
0.581944
0.432100
0.528860
0.924273
0.780216
0.692691
0.732776
0.443457
0.089531
-0.280145
-0.319514
-0.371625
-0.435589
-0.440254
-0.700074
-1.149265
-1.001391
-1.470181
-1.470181
-1.095100
-1.398008
-1.187953
-0.962619
-1.067893
-1.338507
-1.040505
-1.413312
-1.575409
-1.796372
-1.641589
-1.817941
-1.685247
-1.323168
-1.323168
-1.385447
-1.385447
-1.537116
-1.356294
-0.997659
-0.924614
-0.969268
-0.936242
-0.577547
-0.335649
0.015725
0.064708
-0.383620
-0.177434
-0.171140
-0.218249
0.051838
0.368192
0.433688
0.649580
0.371767
0.133274
0.214337
0.064172
0.277452
0.600182
0.707121
0.510384
0.647080
1.048438
1.309818
0.953433
1.207043
0.782937
0.651007
0.389891
0.100738
0.192471
-0.165599
-0.304649
-0.588919
-0.739587
-0.598555
-0.598555
-0.684853
-1.126419
-1.224908
-1.224908
-1.101563
-0.693442
-0.197709
0.028760
0.047416
0.437308
0.009060
0.472594
0.869339
0.869339
0.560184
0.560184
0.840753
1.255432
1.593462
1.225653
1.218257
1.218257
1.365941
1.445432
1.518508
1.784730
1.510809
1.620326
1.125598
0.933100
1.432265
1.260502
1.556660
1.838613
1.931820
1.998812
1.998812
1.499387
1.499387
1.868913
1.540811
2.000592
2.000592
1.903654
1.857333
1.908552
1.472259
1.396518
1.706687
1.741160
1.777234
1.402587
1.440891
1.440891
1.440891
1.374980
0.964237
0.651568
0.391036
0.301336
-0.186033
-0.352257
-0.206715
-0.206715
-0.206715
-0.236711
0.091660
0.239994
0.081987
0.061855
0.107424
-0.159814
-0.263344
-0.323276
-0.102651
0.080854
-0.155809
-0.479430
-0.275983
-0.535777
-0.971974
-0.971974
-0.665986
-0.575795
-0.535310
-0.421905
-0.677607
-0.202871
0.225066
-0.266176
0.224120
0.246227
0.447378
0.377025
0.782557
0.757183
0.750758
0.786687
0.327219
0.457090
0.734002
1.051434
0.717461
0.640002
1.134097
1.161411
1.428788
1.617145
1.699048
1.288963
1.141630
0.814452
0.395687
-0.004996
0.300243
0.752822
0.768995
0.714856
0.402370
0.540822
0.621102
0.159459
0.404959
0.830726
0.485975
0.568853
0.606513
0.322687
0.528846
0.528846
0.129257
0.084355
-0.295835
0.060680
0.060680
0.016504
-0.011571
0.101839
0.206338
-0.160395
-0.325484
-0.617915
-0.707693
-1.102437
-1.260475
-1.392565
-1.081735
-1.081735
-0.822359
-1.182966
-0.864205
-0.864205
-0.811590
-0.802570
-0.921709
-0.651824
-0.157891
0.273474
0.030305
-0.112236
-0.580473
-0.580473
-0.530414
-0.697881
-0.368812
-0.400110
-0.621576
-0.621576
-0.621576
-0.213998
0.162238
0.422097
0.653624
0.271790
-0.139686
-0.122013
-0.115872
-0.203908
-0.600071
-1.030227
-1.092871
-0.661875
-0.661875
-0.483780
-0.466574
-0.237780
0.060876
0.060876
0.469006
0.554055
0.579903
0.645110
0.693118
0.527509
0.110492
0.478446
0.067734
-0.394518
0.031029
0.388840
0.319252
0.321547
0.197281
0.226877
0.530684
0.472678
0.152530
0.416535
0.556128
0.769518
1.117645
1.145491
1.574413
1.574413
1.455985
1.743275
1.489329
1.049846
0.577382
0.498122
0.022732
-0.148706
-0.002700
0.184741
-0.009621
-0.483594
-0.546255
-0.306275
-0.465737
-0.856431
-1.293254
-1.004954
-0.898336
-0.447862
-0.483915
-0.279902
-0.165524
-0.076565
0.232492
-0.191946
-0.157224
-0.317619
