0.000000
-0.361461
-0.509904
-0.239130
-0.306766
-0.575513
-0.191617
0.205355
-0.023843
-0.262741
-0.655224
-0.655224
-0.863161
-1.304117
-1.304117
-1.304162
-1.717366
-1.275642
-1.454729
-0.961182
-0.480805
-0.161369
0.326223
0.597591
0.156349
0.485364
0.171351
0.159326
0.133131
0.270950
-0.174376
-0.260135
-0.155481
-0.553699
-0.054069
-0.301639
-0.499038
-0.169284
0.001851
-0.164292
-0.326092
-0.542771
-0.430619
-0.125644
0.199953
0.504549
0.682820
0.687616
0.303186
0.303186
0.289919
0.601925
0.728498
0.946448
1.045567
0.947141
0.852005
1.193662
1.193662
1.302730
1.461390
1.288672
1.289850
0.813303
1.180225
0.970329
1.256656
1.179865
1.210817
1.561917
1.680629
1.873171
1.631539
1.160579
1.090980
0.741189
0.323311
-0.035638
-0.466620
-0.202808
-0.057345
0.039159
-0.323866
-0.519816
-0.399740
0.093385
-0.079431
0.090721
-0.087210
-0.518096
-0.366228
-0.423018
-0.423018
-0.369227
-0.110258
-0.220370
0.226091
0.169752
0.258598
0.517249
0.517249
0.979374
0.882611
0.779395
0.779395
1.178104
0.944724
0.651145
0.985357
0.525104
0.824394
1.060161
1.293339
1.349037
0.859949
0.677985
0.677985
0.677985
0.705130
0.705130
0.705130
0.635775
0.852876
0.852876
0.752924
0.471314
0.471314
0.563856
0.608644
0.574847
0.712733
0.991925
0.658035
0.326864
0.326864
0.573010
0.530969
0.163847
-0.039551
0.323490
-0.008960
-0.080754
0.213038
0.468532
0.354328
-0.033871
-0.063206
-0.062170
0.261417
0.144661
0.168901
0.076791
-0.223068
-0.287816
-0.494801
-0.600725
-0.169831
0.079811
0.209671
0.292075
-0.108372
-0.051948
-0.500966
-0.928305
-0.779691
-0.654218
-0.316472
0.074665
0.276619
-0.078206
-0.330025
-0.164687
-0.240915
-0.599846
-0.549952
-0.282435
-0.563908
-0.563908
-0.608497
-0.632629
-0.587624
-0.938033
-0.945190
-1.324820
-1.020818
-0.617757
-0.900383
-1.279129
-1.493484
-1.106492
-1.198704
-1.198704
-1.211580
-0.845020
-0.993457
-1.243930
-1.057004
-0.610185
-0.543253
-0.365409
-0.004141
-0.191959
-0.619577
-0.561770
-0.898746
-1.077387
-1.211417
-1.633752
-1.262627
-1.704187
-1.892067
-1.697502
-1.898302
-2.259360
-2.182180
-1.719380
-1.450133
-0.969284
-0.632023
-0.793304
-0.556671
-0.699871
-0.634023
-0.228477
0.230557
0.335592
0.519773
0.341674
0.392086
0.576470
1.059073
0.592332
1.050838
1.050838
0.953933
0.678068
0.802078
1.237866
1.237866
1.625745
1.282371
0.849665
1.202867
1.171666
1.474789
1.285616
0.999755
0.833931
0.905770
0.442466
0.686234
0.411980
0.355980
0.844626
0.383007
0.607883
0.607883
0.143698
-0.174939
-0.174939
-0.017142
0.253070
0.543549
0.088130
-0.263638
-0.426387
-0.584278
-0.824501
-0.599970
-0.599970
-0.599970
-0.142051
-0.056976
0.178670
0.177019
0.427943
0.245546
-0.226370
-0.100847
-0.130448
-0.476506
-0.310752
-0.440105
-0.657944
-0.983989
-0.625899
-0.179073
-0.155119
0.145492
-0.202017
-0.202017
0.222173
-0.158792
-0.436546
-0.017234
-0.453582
-0.302198
-0.012693
-0.126204
0.127726
-0.131369
-0.131369
0.176941
0.177541
-0.248556
-0.346748
0.003153
0.215211
0.460629
0.502633
0.678763
0.742999
0.589903
0.917983
0.810804
1.189440
0.770237
1.007775
0.646891
0.613651
1.013815
1.013815
0.533142
0.286302
0.120720
0.075729
-0.156781
0.023777
-0.092560
-0.092560
-0.300103
-0.584869
-0.366276
-0.654103
-0.585853
-0.318939
-0.711580
-0.717336
-0.903477
-1.021776
-0.659327
-0.397478
-0.355643
-0.834209
-0.955227
-0.955227
-0.946480
-0.665364
-0.746982
-0.703701
-0.436909
-0.141036
-0.009862
0.049617
0.433138
0.004720
-0.178933
-0.031517
0.275758
-0.166116
-0.460317
-0.728498
-0.587392
-0.833462
-0.972717
-1.131450
-0.668682
-0.668682
-0.667950
-0.642516
-0.620283
-0.544140
-0.544140
-0.814149
-0.584418
-0.589541
-0.589541
-0.559063
-0.464067
-0.376527
-0.033723
-0.033723
0.450713
0.427281
0.427281
0.412564
0.385996
0.385996
0.131819
-0.214022
-0.546319
-0.963827
-0.490112
-0.171947
-0.464143
-0.640215
-0.503457
-0.436483
-0.832148
-1.277846
-1.216400
-1.202420
-1.616594
-1.250000
-1.250000
-0.762445
-0.684952
-0.250466
0.189040
0.620946
0.570033
0.570033
0.150216
-0.275106
-0.325052
-0.457800
-0.414683
-0.303099
-0.120027
-0.529132
-0.638771
-0.504385
-0.582547
-0.140932
-0.509668
-0.293869
-0.293869
-0.434044
-0.434044
0.003807
0.064496
0.020019
0.020019
0.041602
-0.066886
-0.317498
-0.297239
-0.681139
-0.186291
-0.288384
-0.174108
0.254904
0.641777
0.641777
0.617681
0.744375
0.793077
0.822826
0.620600
0.368767
0.318521
0.252552
-0.014680
0.153550
0.590668
0.093375
0.458202
0.336382
0.336382
0.661303
0.432015
0.231534
0.654219
0.662152
0.693477
0.377350
0.540939
0.485334
-0.011268
0.379700
0.445859
0.895088
1.364664
1.030686
0.662517
0.662517
0.662517
0.173553
0.472556
0.406964
-0.075620
-0.138544
-0.247342
-0.618764
-0.363250
-0.481601
-0.274277
-0.485546
-0.005251
-0.405209
-0.531821
-0.593370
-0.948880
-0.588284
-0.645957
-0.318649
0.174291
-0.063492
-0.480043
-0.626287
-0.163963
-0.571268
-0.593543
-1.006593
-1.451097
-1.264777
-0.937311
-1.384581
-1.304195
-1.253142
-1.204361
-0.836368
-1.275966
-1.585679
-1.744828
-2.164936
-1.796330
-1.726533
-1.726533
-1.394069
-1.454937
-1.454937
-1.835608
-2.280009
-2.280009
-2.472397
-2.472397
-2.398600
-1.959795
-2.060458
-2.060458
-1.798906
-2.225874
-2.225874
-2.225874
-2.225874
-2.225874
-1.996669
-1.628227
-1.393911
-0.966769
-0.871383
-0.658215
-0.495863
-0.633092
-0.404944
-0.504760
-0.222959
-0.623430
-0.994437
-0.972590
-1.462889
-1.462889
-1.555857
-1.887470
-1.537386
-1.648032
-1.202516
-1.250127
-1.014747
-0.549768
-0.549768
-0.361343
-0.540093
-0.603575
-0.260488
-0.560319
-0.486381
-0.229285
-0.692544
-0.662824
-0.870081
-1.052801
-1.029028
-0.957813
-0.957813
-0.927999
-0.927999
-0.927999
-0.927999
-1.059703
-1.000261
-0.809445
-0.780566
-0.571076
-0.525292
-0.601233
-1.076641
-1.076641
-0.875067
-0.596804
-0.796038
-0.492258
-0.518345
-0.377926
-0.129434
0.171254
0.555086
0.402157
0.658209
0.896673
0.773980
0.743863
1.189177
1.417008
1.505709
1.499765
1.335345
1.352840
1.688952
1.929274
1.658847
1.989243
2.221265
2.115754
2.115754
1.820063
1.820063
2.060843
2.023485
2.230425
1.941146
2.070235
2.008640
1.687824
1.742090
1.742090
1.973276
2.370943
2.562809
2.303063
2.303063
2.119868
1.827992
1.613393
1.961713
1.945361
2.065244
2.031664
2.031664
2.078257
2.078257
2.154256
2.271484
1.891528
2.016108
2.016108
2.158444
1.860190
2.349440
2.349440
1.853406
1.853406
1.621115
1.952768
1.949797
1.715060
1.415382
1.415382
1.547783
1.783313
1.515871
1.329109
1.112269
0.617097
0.978505
1.366616
1.280264
1.568081
1.311709
1.289634
1.675320
1.220812
0.849245
0.657288
0.626146
0.951802
0.951802
0.512095
0.550313
0.772615
0.742230
0.249558
0.204040
0.632821
0.632821
0.803591
0.794549
0.563831
0.135559
-0.127139
-0.575394
-0.515394
-0.068702
-0.461517
-0.849213
-0.840027
-0.887438
-0.688578
-0.810604
-0.330457
0.004036
0.451858
0.481780
0.365289
0.393217
0.784650
1.023539
1.452978
1.854776
1.711991
1.711991
1.955119
1.955119
1.501201
1.531726
1.531726
1.953822
2.183300
1.868360
2.167276
2.291710
2.291710
2.599007
2.613376
2.175224
2.114294
1.702854
1.406798
1.690930
1.690930
1.816910
2.112872
2.112872
1.717591
1.628703
1.360670
1.678602
2.030732
2.294283
2.375897
1.971663
1.558699
1.558699
1.103977
1.177255
0.947109
1.396913
1.372246
1.372246
1.276704
1.276704
1.268789
1.079054
1.168054
1.294756
1.025596
0.610630
1.107890
0.644175
0.880933
0.771026
0.771026
0.637186
0.741900
0.393787
0.475203
0.116542
-0.329863
-0.563282
-1.012462
-1.093636
-0.599735
-0.900908
-0.909222
-1.101529
-1.083970
-0.917108
-0.428125
-0.070505
0.035781
0.035781
0.069461
-0.194568
-0.128034
-0.523218
-0.505845
-0.633658
-0.825029
-0.825029
-0.950474
-0.569516
-0.525519
-0.463958
-0.673715
-0.673715
-0.362194
-0.019772
0.004690
0.437166
0.518110
0.726460
0.787394
0.896985
1.048537
1.218415
0.874806
0.874806
0.473463
0.206832
0.605792
0.391223
0.219926
-0.224392
0.219769
0.605275
0.561222
0.471928
0.780633
0.931773
1.009276
1.080213
0.654033
0.701360
0.488318
0.940147
1.161593
1.356892
1.501612
1.787012
1.577772
1.509024
1.624549
1.693413
1.744176
2.044527
2.088470
2.163626
2.309739
2.309739
1.838441
1.445210
1.445210
1.796508
1.516418
1.884303
1.863901
1.716993
1.456328
1.468563
1.249622
1.048964
0.607477
0.328402
-0.075933
0.176815
-0.321284
-0.656384
-0.649538
-0.877349
-0.702511
-0.375932
-0.578030
-0.505122
-0.505122
-0.505122
-0.669340
-0.388218
-0.132138
-0.123301
-0.399941
0.096725
0.258430
0.503765
0.276024
0.536966
0.729526
0.387087
0.079762
0.051039
0.435390
0.116285
-0.323254
-0.415670
-0.103504
0.010275
0.068026
0.055895
-0.164419
-0.276774
-0.472861
-0.467412
-0.164016
-0.440387
-0.237331
-0.613044
-0.613044
-0.683834
-0.833093
-0.833093
-1.226730
-1.145243
-1.447427
-1.322907
-1.223807
-1.231409
-0.908883
-1.200213
-1.227703
-0.857995
-0.493245
-0.557677
-0.762083
-1.044534
-1.129253
-1.236151
-1.233738
-1.157684
-1.632541
-1.632541
-1.239142
-0.850731
-0.794511
-0.387269
-0.037058
-0.492971
-0.902294
-1.107858
-1.107858
-0.896236
-1.267094
-1.348708
-1.348708
-1.348708
-1.437186
-1.649419
-1.802169
-2.184163
-1.835980
-1.835980
-1.835980
-1.835980
-1.812324
-1.348269
-1.348269
-1.022590
-0.614863
-1.032855
-1.520003
-1.379073
-1.737590
-1.621238
-2.066992
-1.829688
-1.829688
-1.926203
-1.603797
-1.767348
-2.029471
-1.536568
-1.487047
-1.487338
-1.347953
-0.977609
-0.544151
-0.083848
0.240213
0.603506
0.820233
0.792779
1.075846
1.075846
1.189854
0.943287
0.889672
1.174783
0.760113
0.850858
1.256002
0.998933
0.930184
0.937262
0.846843
1.245682
0.922381
1.154324
0.783346
0.391584
-0.010508
0.459909
0.058228
0.155469
-0.056693
-0.056693
-0.103805
-0.513820
-0.439254
-0.092655
-0.454735
-0.509197
