0.000000
-0.096086
-0.325414
-0.385654
-0.875029
-0.860674
-0.856019
-0.541186
-0.743053
-1.059083
-0.971021
-0.971021
-0.933219
-0.554007
-0.099012
-0.081390
0.109530
-0.361857
-0.387259
-0.692008
-0.199639
0.153187
-0.304941
-0.326528
0.012816
-0.342099
0.009310
-0.430237
-0.043332
-0.063500
0.083098
0.567566
1.039322
1.427268
1.128523
1.528245
1.553032
1.917616
1.917616
2.306911
2.299648
2.453701
2.427001
2.416843
2.416843
2.416843
2.416843
2.199122
1.945694
1.558042
1.895097
1.764472
1.937601
2.407316
2.180618
2.464568
2.716104
2.269285
2.269285
2.082007
2.104817
2.104817
2.134694
1.767360
1.536157
1.805290
1.358881
1.268241
1.137221
0.666988
0.218595
-0.037575
0.181491
-0.098530
0.321894
0.076285
-0.081581
0.316293
0.448639
0.522590
0.904983
0.973387
0.906398
0.888061
0.810459
0.591399
0.229499
0.203596
0.091783
0.094358
0.151058
-0.245191
-0.443849
-0.087267
-0.007120
-0.446449
-0.228577
-0.082745
0.049007
-0.440846
-0.041246
-0.480713
-0.254745
-0.110611
-0.152010
-0.212330
-0.587806
-0.587806
-0.954032
-0.517447
-0.517447
-0.517447
-0.157972
0.288588
0.127140
-0.307612
0.172595
0.263058
-0.053649
0.215706
0.072649
-0.164187
0.212666
0.047309
-0.416798
-0.034076
0.009092
-0.147878
-0.147878
0.220299
0.443338
0.596720
0.654876
0.491187
0.138745
-0.079726
-0.042747
0.136719
-0.135088
-0.430738
-0.307564
-0.269879
-0.123859
0.282279
0.479198
0.323500
0.564860
0.122923
0.071504
0.079792
-0.210219
0.228677
-0.057713
0.070255
-0.424422
-0.424422
-0.424422
-0.901828
-0.806034
-0.817080
-0.876031
-1.111832
-0.982702
-0.617370
-1.075899
-0.689255
-1.155972
-0.929129
-0.964680
-0.964680
-0.964680
-1.208833
-1.702307
-1.662426
-1.728879
-1.834414
-2.010192
-2.433017
-2.738727
-2.738727
-2.400901
-2.400901
-2.400901
-2.416281
-2.812024
-2.812024
-2.880112
-3.146288
-2.796397
-2.728532
-2.728532
-2.791551
-2.776899
-2.810733
-2.316075
-2.287259
-2.023297
-1.902260
-1.902260
-1.498091
-1.536741
-1.971297
-2.440950
-2.153877
-2.500835
-2.044797
-2.044797
-1.896019
-2.065508
-2.065508
-2.000699
-1.562462
-1.339780
-1.708107
-1.708107
-1.412618
-1.114903
-0.795581
-0.351769
-0.678659
-0.448169
-0.228756
-0.155257
-0.294268
-0.239502
0.071785
-0.174381
-0.184006
0.176129
0.124168
-0.305656
-0.759575
-0.749872
-0.523619
-0.241161
-0.243032
-0.009472
0.313329
0.306746
-0.069186
-0.218919
0.274686
0.274686
-0.123058
0.228825
0.322970
-0.102740
0.051810
-0.290847
-0.625106
-0.461294
-0.024556
0.361641
0.246132
0.601826
0.332369
0.069849
0.069849
-0.262779
-0.389512
-0.653765
-0.373004
0.027404
0.347657
0.339829
0.750382
0.643707
0.794020
0.794020
1.148489
1.148489
1.022588
1.022588
0.885473
1.199146
1.304028
0.933735
0.955882
1.335116
1.122754
1.122754
0.913423
1.112403
1.025274
1.107676
1.107676
1.107676
1.474378
1.459378
1.683216
1.555465
1.555465
1.318278
1.578666
1.848606
1.506836
1.409879
1.357220
0.939637
0.482615
0.901244
0.996776
1.420684
0.974202
1.309736
1.309736
1.267603
1.089518
1.490548
1.629990
1.286332
1.408736
1.408736
1.785804
1.782178
1.585696
1.492116
1.602588
1.487728
1.299867
1.029570
1.256080
1.138230
1.175906
0.903143
0.934254
1.336019
1.791489
1.641401
1.525030
1.947162
1.954879
1.481459
1.139250
1.103063
1.563539
2.014766
2.014766
2.215673
1.863444
2.143095
1.776220
1.585007
1.585007
1.695893
1.397381
0.900091
0.840142
0.642251
0.642251
0.300587
0.094995
0.088525
0.465628
0.257598
0.054786
-0.041128
-0.062075
0.082406
0.137950
-0.007074
0.197838
0.624679
0.669617
0.720009
0.237285
0.178981
0.247556
0.473437
0.904102
1.244017
1.516570
1.267062
1.674964
1.650729
1.482670
1.433339
0.957254
1.455710
1.455710
1.455710
0.996484
0.841150
0.820967
0.820967
0.820967
0.947706
0.927960
0.927960
0.735405
0.291297
0.504538
0.504538
0.364137
0.355454
0.001251
0.064452
-0.343415
-0.308692
-0.733851
-0.733851
-1.131068
-0.955495
-0.824196
-0.824196
-0.566076
-0.657379
-0.208053
0.235037
0.673411
0.178718
0.287436
0.309750
0.257862
0.176296
0.268068
0.132301
-0.033313
0.062687
0.253079
0.170388
0.406197
0.715466
0.601118
0.890577
0.979255
0.604041
1.064678
1.064678
1.064678
0.830436
0.467867
0.766215
0.594638
0.258026
0.520504
0.975769
0.488359
0.162204
-0.254984
-0.106348
-0.040124
-0.379838
-0.093678
0.262629
0.245142
0.390450
0.366526
0.576938
0.230532
-0.099703
0.225565
-0.139067
-0.391261
-0.436472
-0.007464
-0.422984
-0.365600
-0.330202
-0.388515
-0.645216
-1.093158
-1.398940
-0.952791
-0.739044
-0.333370
-0.621486
-0.721007
-0.721007
-0.721007
-1.076426
-1.377197
-1.202143
-1.231840
-1.170234
-0.844080
-0.844080
-0.513323
-0.354532
-0.074923
-0.396701
0.078409
0.373550
0.603479
0.621292
0.759931
0.755004
1.141034
0.948103
0.873819
0.856991
1.053443
0.867476
1.135060
1.519736
1.500632
1.602072
1.917651
1.917651
1.923914
1.672518
1.530543
1.287900
1.438730
1.523359
1.343471
1.095138
0.845201
1.036417
0.861807
0.861807
0.532206
0.522556
0.044993
-0.063332
-0.431517
-0.248033
-0.705279
-0.931761
-0.931761
-0.931761
-1.046331
-0.915568
-1.356112
-1.074466
-0.639286
-0.639286
-0.719396
-1.064487
-0.774325
-0.667963
-0.569431
-0.464240
-0.133446
0.252531
-0.200778
-0.183053
-0.205191
-0.648048
-0.784528
-0.784528
-0.695061
-0.397255
-0.273986
-0.654320
-0.631324
-0.171157
-0.214277
0.042738
-0.320833
-0.195575
-0.508393
-0.508393
-0.873781
-0.873781
-0.809465
-1.099716
-1.579443
-1.627977
-1.627977
-1.627977
-1.150508
-1.066360
-0.750942
-0.406040
-0.406040
-0.014483
-0.458240
-0.353529
-0.498240
-0.498240
-0.782981
-0.420501
-0.876923
-0.624778
-0.995377
-1.417292
-1.426353
-1.426353
-1.405758
-1.072073
-1.490331
-1.488642
-1.821381
-1.821381
-1.942496
-1.577896
-1.194215
-0.815781
-0.935659
-1.104735
-0.896972
-0.878667
-0.834397
-0.619896
-0.275580
-0.652853
-0.652853
-0.506582
-0.705259
-0.705259
-0.556932
-0.748688
-1.218120
-1.325684
-1.444816
-1.496907
-1.309042
-1.506998
-1.012274
-0.784157
-0.290288
-0.516461
-0.516461
-0.029472
-0.006919
-0.103951
-0.236964
-0.265140
-0.334274
-0.346789
-0.791899
-0.885918
-0.885918
-1.002053
-1.488201
-1.502524
-1.051154
-1.044884
-0.584188
-0.424952
-0.144258
-0.159815
-0.045935
0.162539
0.439788
0.514477
0.321571
0.216946
-0.268305
0.052130
0.295793
0.689945
0.301926
0.432071
0.811507
0.513919
0.855761
1.352000
1.744816
2.115242
2.109932
1.958869
1.845600
2.133787
2.186083
2.052448
2.429154
2.210826
1.997386
1.599233
1.953459
1.945526
1.700913
1.715561
1.454181
1.162933
1.482158
1.482158
1.413654
1.413654
1.604417
1.309827
1.309827
1.234578
0.958681
0.802256
0.699620
0.904268
0.570039
0.360198
0.360198
0.579794
0.727746
0.667522
0.596806
0.157646
-0.267026
0.193523
0.259502
-0.140463
0.107524
0.347037
-0.085801
0.153502
0.410564
0.005716
-0.140964
-0.352762
-0.782592
-0.802542
-0.475723
-0.681712
-0.586742
-0.842827
-0.991001
-0.908985
-0.670313
-0.745997
-0.726621
-0.384415
-0.257578
-0.631371
-0.706555
-0.221063
-0.242632
0.134073
0.134073
0.534400
0.885339
0.642722
0.505473
0.854275
0.823214
1.047324
0.902326
0.427449
0.922706
0.469019
0.850640
1.180354
0.967990
1.446938
1.228765
1.109373
0.676831
0.876937
0.531180
0.070127
0.271381
-0.031089
-0.193440
-0.462154
-0.882706
-0.464614
-0.439323
-0.283086
0.171708
0.248180
-0.200751
0.263014
-0.158265
0.151075
0.234915
-0.127945
-0.596017
-0.826154
-0.722866
-0.722866
-0.407987
-0.697494
-0.432791
-0.466314
-0.928065
-0.839735
-0.686695
-0.913612
-1.095228
-1.537447
-1.453516
-1.487505
-1.537821
-1.052025
-1.316311
-1.316311
-1.340634
-1.062497
-0.992683
-0.769699
-0.748259
-0.862445
-1.316504
-1.377751
-1.581920
-1.192223
-1.192223
-1.670091
-1.529557
-1.138384
-0.945272
-0.939990
-0.592105
-0.794091
-1.134461
-0.906615
-1.005518
-0.532492
-0.211694
0.040742
-0.120778
-0.307386
-0.307386
0.131940
-0.211800
0.049176
0.457030
0.432461
0.345157
0.668891
0.699913
1.160485
0.804665
1.220459
1.173590
1.173590
0.920320
1.086301
0.738648
0.661161
1.119897
1.359449
1.557628
1.067695
0.688940
0.688940
0.688940
0.489170
0.715857
0.708600
0.641812
0.166001
-0.305410
-0.071835
0.350724
0.316809
0.515426
0.566587
0.566587
0.236366
0.252740
0.167162
0.537565
0.163323
0.445838
0.353645
0.627429
0.722055
0.686383
0.328822
0.519723
0.519723
0.408458
0.663954
0.636795
1.037111
0.579867
0.988732
1.129026
0.661465
0.615933
0.170009
0.604663
0.885146
0.885146
0.753617
0.650354
0.402135
0.402135
0.402135
0.742607
0.936861
0.637539
0.360435
0.360435
0.683683
0.714477
0.985566
0.909792
0.909792
0.893922
0.629350
0.908342
0.908342
1.001538
1.288611
1.288611
1.566767
1.566767
1.511721
1.152421
1.200697
1.200697
1.200697
1.311917
1.311917
1.631040
1.432710
1.024643
0.753680
0.640217
0.362402
-0.043035
-0.148729
-0.244267
0.066529
0.133794
0.604131
0.435494
-0.056573
0.333824
0.098006
-0.140986
-0.505501
-0.848896
-0.369242
-0.417729
-0.578014
-0.659361
-0.990124
-0.546415
-0.546415
-0.589728
-0.347378
-0.526556
-0.154814
-0.540504
-0.056450
0.145154
0.427298
0.344609
0.258002
0.222495
0.611783
1.031719
0.797913
1.214179
1.609425
1.175092
0.755847
0.965935
0.475052
0.238122
0.308990
0.318426
0.691047
0.795335
1.276563
1.276563
1.567083
1.867640
1.867640
1.849055
1.849055
1.845897
1.845897
1.845897
1.515378
1.783063
1.802287
2.126103
1.822591
1.474698
1.950434
1.498898
1.518720
1.331561
0.845481
0.726709
0.697715
0.711631
0.947069
0.813715
0.343762
-0.045339
-0.002321
0.338140
-0.125190
-0.422320
-0.240397
0.072657
0.218356
-0.261205
-0.447901
-0.350493
-0.673508
-0.180755
-0.089724
-0.538036
-0.995713
-0.767502
-0.334487
-0.270269
-0.402700
-0.476874
-0.639535
-0.192889
-0.550948
-0.949664
-0.620168
-0.814800
