0.000000
-0.362768
0.136156
0.273708
0.300453
0.300453
-0.007333
-0.049631
-0.282965
-0.251359
-0.467065
-0.636728
-0.479424
-0.295206
-0.295206
-0.009204
0.047240
0.042684
0.292455
-0.055155
-0.480625
-0.341167
-0.771261
-1.219322
-0.721523
-0.627631
-0.768535
-0.737727
-0.489918
-0.116647
0.050234
0.199941
-0.076403
0.142866
-0.020783
0.312460
0.524547
0.698484
0.929213
1.082344
1.268468
1.435025
1.919388
1.919388
1.803220
1.803220
1.803220
1.483641
1.483641
1.121880
1.121880
1.230763
1.094361
1.177931
1.177931
1.507870
1.507870
1.507870
1.218753
1.020516
0.978232
1.056867
1.033451
0.767108
0.748841
0.593092
0.719056
0.328789
0.144447
0.199845
0.385831
0.418791
0.280945
-0.155494
-0.654369
-0.973208
-0.588193
-0.184023
0.054936
0.049343
-0.126116
-0.363331
0.009690
0.048247
0.380856
0.695207
0.442240
0.524922
0.857606
0.465457
0.884488
0.503635
0.093529
0.049171
-0.318525
0.096677
0.066277
0.048351
0.264785
-0.203669
0.014968
-0.123270
0.308190
-0.152777
0.089344
0.309066
0.181100
0.407250
0.367162
-0.097784
-0.470008
-0.470008
-0.633128
-1.107691
-1.582078
-1.366139
-1.572083
-1.572083
-1.425697
-1.432298
-1.714980
-1.430454
-1.047283
-1.185290
-1.528104
-1.697403
-1.697519
-1.697519
-1.906740
-2.102367
-2.506662
-2.209371
-2.209371
-2.105504
-1.711105
-1.711105
-1.594831
-1.619198
-1.369160
-1.826205
-1.875048
-1.823222
-1.507506
-1.507506
-1.639441
-1.554326
-1.751242
-1.351642
-1.261212
-1.197328
-1.113296
-0.871269
-1.014327
-1.081887
-1.065388
-0.865882
-0.589782
-0.317281
-0.687266
-0.672115
-0.330331
0.001464
0.005045
-0.313242
0.104956
-0.001316
-0.403519
-0.891159
-0.490621
-0.026632
0.056610
-0.160973
-0.172124
-0.326771
-0.159711
0.271630
0.280165
0.157336
0.361005
0.482037
0.482037
0.254088
0.140213
0.466250
0.466250
0.006490
0.468002
0.443558
0.296479
0.737637
0.334239
0.441370
0.778015
0.902085
0.429597
0.636657
0.576287
0.322389
0.257789
0.344814
0.453092
0.699164
0.855549
0.910245
0.846052
0.438045
0.151846
0.462517
0.469606
0.469606
0.469606
0.505662
0.059694
0.063710
0.133682
0.251531
0.060688
-0.151730
-0.369133
-0.529555
-0.529555
-0.758868
-0.582854
-0.556279
-0.823980
-0.536792
-0.192585
-0.543874
-0.914181
-1.095331
-0.888009
-0.888009
-1.343840
-1.307986
-0.847244
-0.884049
-0.650588
-0.199095
-0.357045
0.113811
0.606984
0.943894
0.791896
0.317079
0.766103
0.766103
0.542184
0.599330
1.042670
1.206241
1.479660
1.972427
1.972427
2.289027
2.289027
2.189266
1.693468
1.612688
1.599819
1.609942
1.340311
1.814719
1.510826
1.410133
1.382496
1.566301
1.178005
1.367597
1.234321
1.424993
1.837204
1.685734
1.219877
0.885225
1.194356
0.800271
1.130538
1.218683
1.202530
0.907189
1.379994
1.285532
1.544457
1.146687
1.355155
1.161028
0.947348
1.447044
1.565687
1.549067
1.648234
1.826906
1.826906
1.465460
1.424373
1.145841
1.445408
1.463062
1.178916
1.224888
0.810378
0.364480
0.468084
0.165692
0.165692
-0.235424
0.197717
0.018904
0.060923
0.269857
0.637253
0.341651
0.190911
0.517320
0.298678
0.502599
0.873767
0.485476
0.624216
0.624216
0.887249
0.887249
1.134136
1.134136
1.305693
1.517994
1.033920
1.328030
1.044164
0.771596
0.334409
0.068143
-0.052217
-0.202387
0.056827
0.102637
0.186737
0.179255
0.383099
0.611482
0.184553
0.150651
0.201417
0.299738
-0.152528
-0.237337
0.259115
-0.185240
-0.021458
0.157049
0.203975
0.350080
-0.106404
-0.287026
0.135363
0.524113
0.404428
0.561075
1.010013
1.263906
1.638200
1.482505
1.253222
1.277438
1.651560
1.651560
1.436739
1.162694
0.804527
0.506116
0.244941
-0.151700
0.200943
-0.133002
-0.452793
0.006977
-0.013265
0.031176
-0.211087
0.243234
0.170477
0.084288
0.197875
-0.284229
-0.443279
-0.443279
-0.897396
-1.037649
-0.565341
-0.959766
-1.136664
-0.755741
-0.662554
-0.725694
-0.520765
-0.895316
-0.747195
-0.747195
-0.989533
-0.989533
-1.049387
-1.359999
-1.359999
-1.327754
-1.510087
-1.223547
-1.239091
-1.219626
-1.467270
-1.016495
-0.534502
-0.699675
-0.410837
-0.262049
0.110053
-0.386806
-0.095313
0.364287
-0.014927
0.417968
0.783368
0.783368
0.316719
0.316719
0.255789
0.148915
-0.096114
-0.232859
-0.121330
0.150227
-0.121024
0.104372
-0.294887
-0.294887
-0.056995
0.420272
0.254770
0.107405
-0.215250
-0.498765
-0.085005
0.201055
-0.281039
-0.670550
-0.319036
-0.160872
-0.657058
-0.906682
-1.269229
-1.366939
-1.119710
-1.390254
-1.216547
-1.250175
-1.250175
-1.250175
-1.250175
-1.250175
-0.907607
-0.552430
-0.308266
-0.717716
-0.676194
-0.748829
-0.757837
-0.881902
-1.336764
-0.981850
-0.726270
-0.489856
-0.139407
-0.431296
-0.717807
-0.717807
-0.413524
-0.305983
-0.800485
-0.574176
-0.586656
-0.521550
-0.064954
-0.227987
-0.611529
-1.036904
-1.036904
-0.725646
-0.426138
0.029003
-0.053882
-0.121310
-0.320859
0.030140
0.251766
0.139784
-0.113831
-0.435024
-0.340932
-0.346557
-0.524538
-0.770334
-0.770334
-1.194579
-1.227123
-1.378309
-1.608788
-1.553547
-1.055710
-1.040658
-0.785628
-1.256488
-1.174178
-0.794215
-0.342500
-0.032004
-0.491061
-0.380313
-0.770558
-0.927897
-1.347761
-1.271032
-1.500253
-1.425661
-1.156064
-1.099021
-0.821114
-0.991502
-1.113106
-0.933500
-1.301939
-1.563284
-1.516210
-1.427944
-1.427944
-1.310297
-0.944421
-0.925824
-0.652009
-0.918088
-1.207646
-1.166696
-1.265121
-1.265121
-1.156693
-0.851319
-0.851319
-1.033199
-0.805315
-0.805315
-0.746826
-0.359536
-0.359536
-0.278884
-0.278884
-0.479805
-0.455095
-0.629609
-0.995279
-0.995279
-0.658622
-0.625269
-1.009344
-0.594983
-0.355024
-0.752785
-0.572528
-0.822692
-0.650207
-0.849007
-1.006670
-1.270466
-1.286836
-1.356852
-1.194749
-1.284283
-1.069053
-1.223260
-1.506435
-1.690058
-1.325052
-0.933793
-1.145913
-0.902113
-0.776539
-0.776539
-0.910262
-0.581582
-0.732019
-0.250357
-0.153380
-0.210019
-0.423320
-0.732330
-0.884428
-0.792269
-0.792269
-1.249435
-1.247446
-1.355363
-1.355363
-1.355363
-1.122315
-1.398073
-1.221411
-1.221411
-1.221411
-1.221411
-0.888402
-0.926417
-0.996736
-0.545197
-0.389604
-0.333188
-0.725613
-0.422286
-0.339473
-0.423651
-0.730658
-0.730658
-0.982352
-0.982352
-1.246196
-1.072816
-0.586765
-0.388586
0.096100
-0.031650
0.382372
0.382372
-0.051399
0.235558
0.125047
0.223655
0.668059
1.121203
1.121203
1.114075
1.025426
1.146016
1.146016
0.773678
0.713831
1.174629
0.722948
0.589930
0.488650
0.259854
-0.000259
-0.133266
0.338890
0.251199
0.632362
0.907428
0.789485
0.918000
0.730503
0.641046
0.772514
0.375985
-0.108081
-0.227293
-0.621790
-0.277479
-0.509143
-0.626743
-0.924694
-0.854216
-0.917074
-1.042584
-1.192412
-0.781279
-0.907095
-1.333879
-1.378262
-1.629703
-1.274585
-1.263579
-1.755471
-1.614696
-1.438841
-1.310112
-1.310112
-1.537602
-1.812444
-1.812444
-1.444664
-1.262975
-1.281482
-1.690301
-1.690301
-1.690301
-1.336054
-1.824744
-2.060065
-1.646329
-1.646329
-1.334690
-1.006986
-1.006986
-1.242789
-1.470615
-1.377157
-1.377157
-1.555752
-1.996341
-1.506256
-1.726274
-1.445881
-1.445881
-1.540361
-1.540361
-1.696221
-1.295914
-1.295914
-1.727234
-1.621113
-1.598228
-1.598228
-1.636626
-1.682546
-1.308112
-1.805091
-2.301391
-2.580761
-2.580761
-2.580761
-2.522643
-2.265607
-2.511906
-2.747610
-2.430290
-2.491432
-2.965103
-2.978865
-3.149463
-3.105142
-3.179345
-3.166872
-3.166872
-3.166872
-3.166872
-3.166872
-3.172173
-3.172173
-2.776053
-2.496247
-2.672481
-2.667109
-2.277988
-2.277988
-1.809021
-1.809021
-1.778743
-1.852346
-1.604032
-1.604032
-1.105167
-1.105167
-0.801300
-0.916353
-1.109866
-1.109866
-1.346705
-1.306737
-1.188283
-1.188283
-1.182975
-1.676021
-1.452425
-1.109648
-0.742801
-0.734460
-0.547412
-0.890640
-0.467817
-0.129306
-0.557434
-0.919613
-0.594062
-0.747031
-0.597630
-0.193948
-0.051997
-0.223848
-0.469753
-0.957629
-0.957629
-0.789689
-0.342080
-0.416400
-0.622340
-0.982157
-1.027046
-1.122923
-1.522767
-1.903137
-1.829415
-1.901979
-1.901979
-1.539215
-1.883567
-1.661074
-1.442799
-1.272992
-1.272992
-1.318335
-1.642182
-1.488666
-1.376776
-1.654279
-1.654279
-1.537164
-1.491698
-1.456188
-1.596024
-1.149525
-1.627554
-1.627554
-1.550245
-1.740084
-1.635908
-1.945618
-1.832551
-1.625527
-1.893395
-1.449191
-1.039943
-1.463569
-1.465891
-1.047329
-1.374193
-1.167748
-0.911147
-0.962745
-0.775787
-0.775787
-0.323514
0.123108
0.488292
0.385105
0.156182
0.269090
-0.140350
-0.355259
-0.784946
-0.916507
-1.325365
-1.635502
-1.316774
-1.335697
-1.243611
-1.243611
-1.450727
-1.450727
-1.232863
-1.232863
-0.979578
-0.766673
-0.766673
-1.242282
-1.010794
-0.683137
-0.734911
-1.175331
-1.515676
-1.083395
-0.615038
-0.633291
-0.764895
-0.313958
-0.575146
-0.575146
-0.251208
0.084735
0.370837
-0.009984
-0.256822
-0.416601
0.047753
0.516096
0.516096
0.516096
0.958168
0.628226
1.123232
1.019961
0.721938
0.447854
0.207892
0.670208
1.092399
1.156130
0.684459
0.684459
0.488213
0.104904
0.104904
-0.242065
-0.392129
0.106121
0.050203
0.128964
0.495874
0.667848
1.034384
0.707471
0.923255
0.923255
1.064025
1.064025
1.064025
0.752763
1.098690
0.718086
0.882943
0.923749
0.936374
1.191372
1.615617
1.622099
1.183360
1.262867
1.179255
1.200412
1.084822
0.586504
0.197945
0.199876
0.232065
-0.114703
0.124270
-0.069746
0.243860
0.374993
0.362947
0.391578
0.708763
0.535023
0.686748
0.477478
0.082849
-0.310699
-0.327868
-0.653686
-0.923976
-0.923976
-1.402523
-1.402523
-1.323492
-1.250583
-0.761553
-0.645354
-0.645354
-0.645354
-0.355478
0.042062
0.164989
-0.222950
-0.110575
-0.489798
-0.376141
-0.065372
0.285518
0.255686
0.638151
0.635055
0.279673
0.457383
0.012944
-0.271355
-0.723341
-0.482657
-0.482657
-0.205957
-0.205957
-0.134263
-0.403945
-0.516193
-0.602678
-0.591550
-0.190552
-0.523078
-0.523078
-0.623165
-0.560484
-1.038350
-0.809496
-0.809496
-0.693933
-0.618239
-0.162427
-0.155234
-0.125382
-0.358043
-0.105179
-0.365833
-0.079333
0.120145
-0.127850
-0.543520
-0.328515
