21501407
8434467
48179121
32455155
8349709
74694291
79576784
112259834
112277801
84708488
122221378
118392959
124884094
91750455
89192754
127089796
145554553
145383502
124404136
83806096
88364486
78379047
79682013
75975593
129971762
136324390
130332153
81372300
131836071
133130574
132769688
157152958
71690736
79051578
132559591
74017618
71049446
71502391
137972191
146085716
68632870
66274031
163560272
141857605
66611532
62953273
143729810
150510939
147726394
146149392
176316595
142971836
173945371
58695442
129420980
131995988
126519694
120817561
117864248
117822946
114011898
167307012
116586276
167999582
113792457
101814499
97936366
106192139
106826068
102605441
99232408
93311874
92386656
95753701
88412319
87508245
86822377
85583150
86805867
83513888
82482829
80895025
78973209
165672283
158802855
76979422
72345271
158242665
72619793
76147561
75530876
154618584
153431403
139433111
134499181
127767893
101641755
96689490
86843376
81777900
