427256356
426800240
425003055
428411852
428692977
429224331
429746981
427588400
425489204
423686238
420239943
423221072
418643790
416503656
414278585
412644514
410549159
407246134
405162819
403296444
401361837
399402444
397582128
395595186
393901207
391982659
390267182
388539570
386875616
384936442
383267304
381399735
380319782
376396824
374520229
373300261
369628816
367731596
366041527
364145420
362451975
360537286
358892346
357559822
353891711
352066328
350625153
346848408
345036875
343544562
340508432
338737400
337127585
335820826
331939843
330198717
328667079
324955585
323260252
321548325
320422272
318569487
316846143
315057343
313981176
310521199
366262899
308288685
306621127
359025197
306091993
304385279
302796909
302271271
300696258
299688631
297933722
296189062
295066784
291157824
289630749
288415319
284677819
320364324
283392189
476788497
272993293
270580032
264130257
259729885
255368502
250989540
403679200
350880777
396245704
361570872
343319471
301672598
294624508
252258799
