287208055
289791170
288196121
286378740
292057813
290433296
285392728
288090762
282666613
281016915
279052544
277957971
274532318
272748089
271040771
269779576
268094535
266172692
264378714
262466090
261290066
257394438
255547128
253591980
252395842
250514079
248840571
247036191
245244467
243907009
240779534
236976695
235751154
231913802
240475187
229567451
227866049
235172257
227338779
319171094
211950438
210448158
197154457
306194420
300399252
290394121
269964189
249406797
218024268
199515481
