7454367
28481655
86232225
99255826
118178348
124290707
162154801
191205291
193736641
196519623
202644599
147383241
196721541
199247098
139422983
139705660
226517862
232071352
207027536
132480919
130605346
129994930
221626078
225935491
231673183
245071850
121178494
119347701
247314786
247659074
118718577
113486240
253622184
111280526
108321822
258495074
256504670
245589857
256111934
240077738
298850013
251722634
245216946
112888997
238713269
237565543
235779905
232030937
224642969
288969222
223149626
218891056
216540596
290180843
214607676
214431307
217642247
286455314
206589773
204930431
200471059
195772000
195812421
213028795
194391395
192440943
188303759
187859869
185643315
184056517
182302548
283706475
173694082
172102486
171484823
167116831
163094681
161250132
287008582
279878303
146782277
277820089
142058549
140027677
138429364
130934517
277130014
266194703
131767239
240400657
215068697
189882401
210340338
201637604
179059796
174742893
170701504
160304320
129244595
124615531
