68616323
49299841
75913973
53597399
81422851
84587366
84265859
97112732
102270151
101734907
77688999
122029445
100612118
72766358
125953718
71891333
61003135
131887915
130196811
128071218
102176027
106521376
54511485
140589977
110993867
110897838
109578582
109617639
110789385
108269965
44816680
147015345
41692787
147528724
144295743
144908506
137736375
110147810
107322127
139776609
142107059
94965076
137707272
99388062
134330537
130610844
96023898
96308960
132031453
78829085
79947571
83998530
136881291
136408789
137094915
77869417
73686201
74211726
134133691
71665440
70667212
71903458
70698741
131364972
135055500
65334153
63564890
130314924
131044085
67252991
124726625
127014565
121877773
124722530
121468730
119623847
117901514
111254671
111453491
92047302
92228249
91537175
91892843
92045783
92034693
91147618
91192053
90741899
90408612
91778289
88719226
91351229
91502648
89955006
89489343
88949720
84331263
84193908
79847659
73340357
