1.000000
1.170094
1.311643
1.517467
1.435079
1.323966
1.312664
1.245057
1.245057
1.312913
1.133714
0.891864
0.710480
0.538819
0.353715
0.603177
0.609643
0.665963
0.734739
0.731531
0.627789
0.641162
0.591276
0.482933
0.636795
0.636795
0.649793
0.495900
0.691016
0.473102
0.451953
0.451953
0.653057
0.536390
0.473993
0.480261
0.496064
0.464883
0.680288
0.572435
0.642424
0.736355
0.706407
0.871007
0.735492
0.660672
0.888906
0.967558
0.937338
0.886556
0.978665
0.969911
1.195037
1.018867
1.089407
1.149205
1.292206
1.265723
1.109490
1.137712
0.972515
0.774101
0.771823
1.014199
1.106421
1.231307
1.128387
1.170631
0.996826
0.809563
0.641614
0.641614
0.417879
0.255984
0.404883
0.483165
0.552894
0.349635
0.359740
0.144693
0.125403
0.162062
-0.061968
0.188029
0.383006
0.631906
0.817176
0.817176
0.864122
0.695688
0.902201
0.831749
0.871464
0.965157
0.980561
0.980561
1.019047
1.142952
0.910662
1.077281
1.263917
1.263917
1.263917
1.347357
1.179341
1.373816
1.448669
1.513409
1.613719
1.528107
1.315188
1.177016
1.182359
1.072380
1.182014
1.167756
1.389915
1.308091
1.275347
1.197819
1.364440
1.452178
1.443146
1.549190
1.610101
1.567093
1.654062
1.577619
1.632172
1.747537
1.867756
1.867756
1.944321
1.960542
1.840790
1.933853
1.739491
1.777836
1.861114
1.998998
1.913819
2.156001
2.319696
2.163797
2.163797
2.163797
1.974368
1.916284
1.916284
2.097243
2.097243
1.995887
1.995887
1.994959
1.826337
2.008627
1.990458
1.988447
1.828657
1.942432
1.993987
1.993987
1.833090
1.832353
1.651472
1.563876
1.563876
1.563876
1.561913
1.509077
1.563518
1.389133
1.193057
1.124856
1.040549
1.004213
1.045998
1.125372
1.119085
1.310603
1.319461
1.348241
1.513211
1.385374
1.500054
1.742476
1.941257
1.896651
1.896651
1.793490
1.793490
1.568071
1.568071
1.423512
1.606103
1.405883
1.306764
1.461312
1.237066
1.215924
1.311962
1.121518
1.160835
1.208358
1.110500
1.098793
1.153657
1.213120
1.079948
0.864993
1.076857
1.067724
1.231108
1.159705
1.081830
1.161403
1.040138
1.103120
1.007198
0.856208
0.661075
0.802206
0.652382
0.560211
0.425709
0.442132
0.469831
0.409938
0.312642
0.192865
0.219023
0.312016
0.410940
0.483885
0.500365
0.559588
0.568846
0.499923
0.650871
0.477309
0.477309
0.321117
0.421268
0.171830
0.074450
0.152134
-0.007285
0.076385
0.153037
0.345544
0.174114
0.338593
0.540678
0.487938
0.672400
0.791880
0.791880
0.817601
0.814805
1.034369
1.191439
1.191439
1.409365
1.596519
1.665405
1.665405
1.546797
1.532079
1.532079
1.532079
1.488321
1.536770
1.556048
1.595559
1.696014
1.862319
1.668643
1.673817
1.830993
1.899821
1.721812
1.595328
1.354057
1.390917
1.432258
1.420939
1.200301
1.270684
1.131985
1.197107
1.316076
1.285357
1.285357
1.285357
1.202141
1.061710
1.286620
1.286620
1.128502
1.268614
1.471005
1.471005
1.386928
1.417320
1.478404
1.467384
1.467384
1.322730
1.505446
1.442224
1.515485
1.603761
1.383192
1.415000
1.174456
0.928993
0.979706
1.173304
1.009837
1.003697
1.073202
0.900870
1.091972
1.291688
1.279590
1.502911
1.685750
1.685750
1.527783
1.361366
1.424429
1.237763
1.461226
1.291638
1.272562
1.480172
1.537285
1.484158
1.452451
1.324485
1.357567
1.124926
1.281877
1.210069
0.977902
0.828376
0.928269
1.122941
1.043682
1.177033
1.276389
1.478483
1.604722
1.759407
1.804963
1.605690
1.477764
1.522323
1.522323
1.300334
1.284859
1.328365
1.370658
1.370658
1.383919
1.498618
1.380704
1.399791
1.615550
1.468408
1.418900
1.508852
1.480521
1.582115
1.439377
1.318432
1.076521
1.252727
1.163466
1.176881
1.051986
0.838604
1.033510
1.049026
1.278505
1.200485
0.972442
0.724980
0.621423
0.781496
0.765232
0.610723
0.822414
0.614619
0.720297
0.720297
0.904031
0.892005
1.030757
1.070064
1.191927
0.990129
1.213347
1.100795
1.255667
1.379032
1.215682
1.346113
1.346113
1.266883
1.245140
1.322154
1.372400
1.163033
0.981511
0.788740
0.829965
0.914128
0.820300
0.954403
0.723535
0.673185
0.649510
0.553633
0.553633
0.366744
0.366744
0.509710
0.714824
0.496161
0.509698
0.723631
0.667629
0.736834
0.756540
0.917753
1.128529
1.273151
1.214095
1.368074
1.368074
1.368074
1.475290
1.483359
1.484560
1.570480
1.698453
1.517954
1.365902
1.365902
1.207915
1.114410
1.308626
1.298515
1.148377
1.148377
1.009336
1.148567
0.969626
1.000130
1.186837
1.273835
1.273835
1.410485
1.455689
1.455689
1.347833
1.537838
1.377331
1.348852
1.422614
1.335469
1.389269
1.542164
1.491552
1.438671
1.488493
1.689268
1.689268
1.669593
1.565809
1.438845
1.339429
1.464151
1.457084
1.636517
1.533103
1.284516
1.178892
1.254138
1.091844
1.321702
1.128185
0.981813
0.999870
0.982788
1.178949
1.131583
1.300576
1.387400
1.310998
1.289618
1.398164
1.418734
1.303076
1.399761
1.267941
1.127518
1.134694
1.056454
0.853614
1.043120
1.053751
0.893819
0.863314
0.954863
0.898013
0.861290
0.911493
0.911493
0.741155
0.647748
0.625594
0.748098
0.977474
0.737729
0.936670
0.706529
0.548429
0.687624
0.474443
0.428932
0.479846
0.511509
0.663122
0.663122
0.650704
0.650704
0.859130
1.059578
0.905464
1.119803
1.119803
1.124202
0.968326
1.032085
1.156424
1.267336
1.453350
1.479719
1.479719
1.548622
1.302906
1.234770
1.034412
1.184924
1.027939
0.968295
1.067343
0.823183
0.661533
0.661533
0.749380
0.637322
0.637322
0.498811
0.475152
0.498044
0.676457
0.676457
0.513525
0.387109
0.595806
0.529365
0.538061
0.538978
0.538978
0.598713
0.608773
0.479480
0.591468
0.735583
0.648172
0.717125
0.588889
0.407946
0.264080
0.402994
0.159575
0.282152
0.294024
0.156346
0.354874
0.222591
0.342325
0.138572
0.359193
0.429242
0.286613
0.260824
0.162114
0.350080
0.585989
0.658245
0.807598
0.815364
0.883692
1.065789
1.107933
1.333376
1.371616
1.515214
1.727266
1.869337
1.971987
2.020544
2.180095
2.191459
2.004862
2.004862
2.033316
1.907297
1.673100
1.786738
1.642631
1.642631
1.753401
1.656395
1.483465
1.483465
1.394813
1.578474
1.755798
1.755798
1.784443
1.987925
1.737949
1.641831
1.525372
1.599146
1.705746
1.589313
1.496335
1.286527
1.368153
1.281966
1.155203
0.969075
1.011574
0.802862
0.937399
0.815644
0.637878
0.788265
0.837910
1.033120
0.800880
0.924495
1.039834
1.198707
1.294951
1.234888
1.155049
0.925092
0.959130
0.742934
0.549037
0.352173
0.546347
0.630459
0.558143
0.708208
0.816308
0.936533
0.874020
1.044422
1.146208
0.899420
1.013568
1.248173
1.082761
1.149523
1.079980
1.099007
1.172427
1.290878
1.423340
1.369889
1.162084
1.376084
1.471957
1.485370
1.730112
1.699715
1.739598
1.496673
1.469290
1.234452
1.178185
0.955891
1.093220
0.861478
0.776149
0.536503
0.568084
0.754632
0.863388
0.938500
1.155088
1.117474
1.116398
0.997340
0.790638
0.915253
1.095546
1.099731
1.148207
0.985622
1.222871
1.142884
0.965007
1.111290
1.167813
1.202190
1.202190
0.981772
0.947998
1.184571
1.241198
1.487753
1.501262
1.305805
1.078988
0.854120
0.843847
0.873109
0.924814
0.917544
1.064484
1.195823
0.969694
0.897775
0.719219
0.968840
0.968840
0.833832
0.830748
0.932084
0.993577
1.024108
0.845720
0.958792
0.944129
1.175675
1.058584
1.103909
1.127715
1.274592
1.162652
1.135974
1.278647
1.481901
1.239751
1.399438
1.330495
1.451060
1.451069
1.327056
1.416496
1.284118
1.284118
1.163247
1.299600
1.139075
1.311578
1.249893
1.151006
1.355770
1.355770
1.584076
1.388744
1.518630
1.351137
1.391162
1.254567
1.398862
1.469457
1.547506
1.346935
1.328294
1.308618
1.345725
1.156969
0.947367
0.803689
0.688309
0.805883
1.021552
0.791930
0.913958
0.827298
0.794906
0.834652
0.775534
0.988716
1.049823
1.141739
0.966680
1.056765
1.217330
1.101371
0.958770
0.768460
0.970156
1.048917
1.012768
0.852816
1.078851
1.305967
1.274938
1.114095
0.997899
0.876190
0.960425
1.034508
1.199292
1.239275
1.449016
1.294267
1.294267
1.279429
1.445541
1.270591
1.225597
1.034660
1.277123
1.481178
1.310471
1.395483
1.196206
1.104533
0.971753
1.209443
1.257425
1.495824
1.252776
1.374087
1.172859
1.238071
1.238071
1.165825
0.938321
0.805578
0.769732
0.535049
0.396414
0.376798
0.248750
0.304297
0.355312
0.252967
0.020474
0.001506
0.216833
0.286889
0.457409
0.662252
0.541871
0.541871
0.316240
0.174890
0.158654
0.272974
0.080082
0.105733
0.319544
0.319544
0.511816
0.511816
0.705184
0.826636
0.942099
0.999003
1.147397
1.236252
1.236252
1.044749
1.081288
0.832599
0.675282
0.627052
0.577320
0.365133
0.380117
0.180256
0.383319
0.383319
0.381202
0.444812
0.425665
0.244706
0.094675
0.132951
0.132951
0.113106
0.113106
0.062637
0.112423
0.271781
0.344535
0.367659
0.498744
0.343088
0.317598
0.342845
0.342845
0.190890
0.412717
0.209610
0.135520
0.050738
0.009712
-0.231010
-0.231010
-0.231010
-0.102878
-0.152216
-0.210195
-0.072008
-0.119049
0.002844
0.002844
0.176606
0.282867
0.034596
0.032300
0.056931
0.056931
0.272368
0.224913
0.033548
0.169172
0.259066
0.063370
0.307545
0.449060
0.449060
0.535069
0.663854
0.828909
0.803349
0.803349
0.672786
0.705765
0.705765
0.579608
0.395808
0.395808
0.232919
0.117095
0.209541
0.406897
0.581825
0.639309
0.864942
0.799170
0.934468
0.883613
0.944460
0.784069
1.001717
1.047094
1.020012
1.209954
1.371395
1.512711
1.362519
1.229491
1.101526
1.179976
1.076971
1.124713
1.119080
0.906109
1.135120
0.964127
1.054217
1.284724
1.235365
1.358403
1.602970
1.718939
1.571962
1.441075
1.441075
1.513801
1.724041
1.560728
1.428083
1.437903
1.438256
1.231282
1.194494
1.097945
1.291927
1.067862
1.108703
0.891628
1.016473
0.885396
0.734996
0.821630
0.821630
0.836076
0.633113
0.658953
0.772047
0.909879
1.002279
1.242436
1.060208
1.035139
1.193135
1.195613
1.355507
1.170590
1.233640
1.052974
1.128012
0.932654
1.040700
0.960164
0.859513
0.906957
0.755538
0.783668
0.837361
0.612328
0.623245
0.867775
0.766620
0.696925
0.908254
0.995319
0.828737
0.737179
0.709369
0.621972
0.757175
0.870463
0.868111
0.768248
0.662726
0.675757
0.878305
0.704512
0.771684
0.584973
0.584973
0.399842
0.441903
0.222936
0.024153
0.159942
0.063625
0.233830
0.374324
0.576997
0.572443
0.762810
0.986074
1.035461
1.058547
0.877484
0.890515
1.009321
1.116437
0.935779
0.779255
0.874009
0.828216
0.726706
0.812007
0.691680
0.758547
0.787287
0.623901
0.454468
0.645273
0.534210
0.567519
0.576447
0.734028
0.532787
0.566188
0.564403
0.472875
0.472875
0.720744
0.545264
0.577285
0.432151
0.613540
0.591875
0.676811
0.502842
0.627855
0.636526
0.549754
0.583406
0.534349
0.718586
0.897157
1.000346
0.978873
0.970048
1.001018
1.130200
0.911673
0.746228
0.971016
1.205670
1.451215
1.333611
1.134365
0.989768
1.187682
1.048794
0.854980
0.907905
1.049916
1.095175
1.235316
1.370657
1.402615
1.440639
1.321120
1.177667
0.943669
0.978469
0.883460
0.951913
1.131756
1.131756
1.275623
1.296364
1.372779
1.581638
1.572079
1.460250
1.524346
1.553489
1.502363
1.322966
1.197600
1.229231
1.224838
1.357367
1.137016
1.048496
0.942730
0.902122
1.150343
1.087550
0.850001
0.861060
0.862634
0.883757
1.059650
0.974974
0.922104
1.002255
0.799294
0.667481
0.492080
0.242283
0.204172
0.143655
0.271501
0.470271
0.422339
0.389183
0.389216
0.543305
0.622999
0.599451
0.365819
0.585379
0.604663
0.494757
0.612172
0.424889
0.524781
0.564194
0.443083
0.311119
0.509131
0.543730
0.616577
0.740548
0.748649
0.678013
0.585040
0.672916
0.659588
0.679782
0.548048
0.548048
0.548048
0.493944
0.454931
0.249888
0.148699
0.255744
0.255744
0.129942
0.211382
0.211382
0.413867
0.578646
0.695305
0.738551
0.738551
0.941633
1.141074
1.208068
1.420977
1.490406
1.431912
1.265290
1.422781
1.658878
1.420014
1.397413
1.573015
1.475794
1.475794
1.502980
1.675642
1.675642
1.804888
1.587420
1.464392
1.464392
1.242827
1.021057
1.015885
0.940742
0.741981
0.711567
0.711567
0.730669
0.799061
0.765676
0.792231
0.655389
0.835053
1.083009
1.083009
1.208125
1.208125
1.420134
1.587808
1.587808
1.376928
1.572683
1.404511
1.404511
1.415656
1.306930
1.393321
1.336822
1.486942
1.559634
1.452923
1.626775
1.477930
1.594214
1.366941
1.604683
1.420305
1.315705
1.214059
1.011729
1.034011
1.231210
1.424584
1.549313
1.631471
1.622733
1.767963
1.625782
1.426758
1.191971
1.272234
1.157785
1.344237
1.137573
1.269057
1.513360
1.543310
1.555749
1.387952
1.204770
1.289359
1.429166
1.429166
1.405368
1.627097
1.474974
1.469344
1.417221
1.181600
1.197227
1.279446
1.079075
1.030507
1.116000
1.315236
1.263231
1.223625
0.987267
0.822695
0.780458
1.011717
1.120867
0.909934
1.066385
1.114625
1.313934
1.313934
1.306562
1.367568
1.534642
1.765076
1.559141
1.512013
1.636431
1.683982
1.779440
1.917261
1.671700
1.683335
1.913669
1.746636
1.686971
1.686971
1.585386
1.346472
1.346472
1.277031
1.209378
1.060976
0.982708
0.871654
0.799612
0.771411
0.975066
0.818352
0.611662
0.725293
0.666521
0.583129
0.364925
0.520058
0.439271
0.439271
0.658395
0.816720
0.642979
0.551025
0.551025
0.737639
0.850917
1.062599
1.018752
0.908985
0.776509
0.763534
0.998069
0.929010
0.906860
0.662169
0.845732
0.933562
0.933562
0.947601
1.073321
0.885959
0.866512
0.762098
0.861730
0.945818
0.788479
0.654955
0.618225
0.599170
0.403039
0.403039
0.403039
0.650294
0.872094
0.767832
0.979779
0.816297
0.798992
0.678199
0.678199
0.477682
0.262088
0.199870
0.413245
0.352043
0.257024
0.257024
0.309842
0.475504
0.488729
0.360867
0.380642
0.548315
0.739075
0.739075
0.499249
0.318518
0.368756
0.411014
0.411014
0.441870
0.499819
0.385447
0.422910
0.558297
0.420984
0.446845
0.413027
0.547958
0.538371
0.403997
0.258004
0.303171
0.495119
0.412975
0.412975
0.611461
0.595705
0.832904
0.718305
0.540701
0.670812
0.551363
0.343152
0.346388
0.581597
0.364386
0.364386
0.607845
0.773227
0.773227
0.633254
0.743548
0.639579
0.755558
0.725636
0.505158
0.541788
0.488271
0.488271
0.348894
0.417474
0.417452
0.638822
0.756868
0.911619
1.032234
0.825631
0.934681
0.763082
0.983944
0.897346
1.046015
0.956471
0.984924
0.779793
1.026567
0.809055
0.794845
1.035033
1.175642
1.010956
1.170675
1.412807
1.480948
1.480948
1.599959
1.639346
1.496577
1.609409
1.645263
1.670022
1.691173
1.470553
1.531658
1.392434
1.556941
1.556941
1.556941
1.399935
1.175539
1.357484
1.351472
1.263768
1.184943
1.171846
1.354674
1.344332
1.413241
1.374161
1.412766
1.494496
1.262281
1.039619
1.039359
1.274888
1.232009
1.151969
1.040776
1.093103
1.200486
1.217498
1.018389
1.262580
1.288287
1.538102
1.314909
1.332333
1.208548
1.345727
1.510818
1.412119
1.452301
1.275621
1.179138
1.168109
1.332986
1.332986
1.095640
1.181208
0.931620
1.034294
0.951223
0.773033
0.937892
0.856991
0.938688
1.140851
1.032512
0.833379
0.984510
1.040586
1.086410
1.118185
1.270672
1.117512
1.117512
1.297630
1.117241
1.117241
1.328159
1.392579
1.544877
1.709371
1.709371
1.798507
1.803708
1.562912
1.565310
1.674812
1.674812
1.482597
1.482597
1.482597
1.482597
1.482597
1.707996
1.701363
1.492300
1.663956
1.537178
1.313377
1.469380
1.648828
1.725212
1.788498
1.783788
1.629544
1.738519
1.615129
1.835089
1.835089
1.945987
1.945987
1.896774
1.881612
1.637115
1.589547
1.635989
1.455896
1.455896
1.563428
1.567693
1.634957
1.414703
1.414703
1.195122
1.390187
1.444721
1.487872
1.250706
1.330036
1.369063
1.548906
1.462547
1.420841
1.553785
1.554374
1.323488
1.323937
1.085663
0.884230
1.108336
1.291797
1.303550
1.337510
1.342113
1.385036
1.280088
1.159186
1.131702
1.274866
1.428085
1.420753
1.382358
1.603552
1.559167
1.574643
1.338035
1.546395
1.721945
1.521677
1.627288
1.601069
1.416490
1.475846
1.416119
1.559517
1.655788
1.421612
1.300797
1.332004
1.088783
0.853303
0.848923
0.894239
0.859440
0.960762
0.898465
0.719939
0.897923
0.688984
0.688984
0.650732
0.471257
0.708754
0.673345
0.457854
0.523240
0.514782
0.286691
0.268867
0.400773
0.458694
0.367297
0.440029
0.450254
0.405098
0.453350
0.476546
0.370709
0.370709
0.150106
0.150106
0.052131
0.207921
0.316444
0.477487
0.448953
0.508990
0.357350
0.574005
0.820568
0.772728
0.772728
0.686320
0.672370
0.513377
0.598453
0.598453
0.841249
0.752284
0.656270
0.498019
0.539062
0.544581
0.329138
0.327124
0.470798
0.546732
0.722235
0.686251
0.657857
0.834856
1.061010
0.854792
0.658040
0.728311
0.755207
0.587891
0.651699
0.859038
0.669416
0.798900
0.704373
0.890188
0.835132
0.827661
1.032515
1.255746
1.212504
1.362462
1.334292
1.334292
1.216542
1.033205
1.171332
1.215755
1.195083
1.347640
1.476965
1.692741
1.930945
1.930945
1.930945
2.055010
2.055010
2.149607
2.149607
2.101226
2.212986
2.035547
2.077831
2.026223
1.817114
1.817114
1.817114
1.817114
1.647605
1.647605
1.846959
1.639875
1.408548
1.291858
1.241207
1.130636
0.983847
1.044842
0.873817
1.040923
0.901259
0.691342
0.637045
0.864228
0.634102
0.618620
0.461036
0.610681
0.525627
0.399644
0.517527
0.692930
0.918367
1.034956
1.030741
0.955018
0.812229
0.968009
0.966938
0.796046
0.776777
0.764808
0.605866
0.790103
0.710734
0.581032
0.652732
0.412341
0.444441
0.545989
0.455881
0.589887
0.580073
0.580073
0.502823
0.510741
0.723489
0.700119
0.583743
0.643553
0.612674
0.705444
0.931254
1.019211
0.997787
1.033582
0.998913
0.904483
1.114071
1.308702
1.433413
1.219233
1.167730
1.308997
1.482313
1.368690
1.249875
1.183133
1.264658
1.379562
1.340283
1.340283
1.410784
1.542352
1.622078
1.784505
1.563253
1.355150
1.315846
1.125213
1.009453
1.035901
0.960792
1.083213
1.314134
1.130650
1.268675
1.136369
1.005591
1.005591
1.081054
0.984440
1.083726
0.915182
0.793628
0.737622
0.824189
0.602301
0.782449
0.782449
0.670307
0.523019
0.372492
0.356900
0.326569
0.244213
0.118276
0.267617
0.267617
0.050948
-0.077431
0.080014
0.080014
0.299661
0.385750
0.385750
0.207659
0.457489
0.569592
0.709668
0.916929
0.793832
0.922581
0.727254
0.484296
0.274117
0.339444
0.176296
0.309119
0.200127
-0.005854
-0.062996
0.008692
0.046001
0.222929
0.238491
0.223596
0.439108
0.607817
0.607817
0.466004
0.466004
0.712009
0.898617
0.846382
0.694122
0.701730
0.809441
1.042728
1.055814
1.128220
1.172623
1.343736
1.265103
1.295201
1.310774
1.289798
1.351598
1.562851
1.416707
1.492732
1.643533
1.643533
1.556463
1.556463
1.692157
1.896821
1.930272
1.930272
1.895871
1.780975
1.639370
1.690527
1.529684
1.448288
1.448288
1.592896
1.421159
1.251900
1.251900
1.169108
1.129322
1.129322
1.376971
1.575457
1.413646
1.358065
1.358065
1.224843
1.232829
1.212716
1.242728
0.994369
0.755666
0.605133
0.421790
0.293343
0.431889
0.452427
0.620131
0.469575
0.522187
0.474664
0.514103
0.551307
0.405946
0.382782
0.274369
0.267294
0.328154
0.328154
0.187219
0.187219
0.187219
0.321027
0.321027
0.321027
0.348141
0.295029
0.295029
0.159005
0.159005
0.041268
0.041268
0.086924
0.054502
0.062168
0.282304
0.356559
0.443539
0.476659
0.417973
0.595460
0.573536
0.573536
0.432003
0.300664
0.540432
0.542855
0.418965
0.608174
0.728372
0.648704
0.648704
0.648704
0.601354
0.778190
0.723779
0.836171
1.064869
1.109582
0.905911
0.852727
0.767024
0.612180
0.859498
0.743594
0.724833
0.682682
0.731698
0.767775
0.524964
0.670595
0.487830
0.364272
0.364272
0.247369
0.331899
0.331899
0.361051
0.400286
0.517627
0.411612
0.389372
0.578121
0.395914
0.174356
0.362095
0.389854
0.321949
0.321949
0.397307
0.186521
0.186521
0.095236
0.095236
0.095236
0.216518
0.042450
-0.142192
-0.266375
-0.276868
-0.318736
-0.318736
-0.386515
-0.246421
-0.398506
-0.231376
-0.106036
0.058127
0.032242
0.264248
0.264248
0.021423
0.223752
0.065892
0.021575
0.003980
0.003980
0.153687
0.153687
0.327928
0.327928
0.384134
0.406552
0.571199
0.565743
0.605927
0.605867
0.679397
0.799289
0.829704
0.827021
1.066411
1.139968
1.337293
1.266190
1.079986
1.042924
1.042924
0.883296
1.115183
1.241223
1.072210
0.891640
0.969890
1.040077
0.804973
0.676460
0.750174
0.893557
0.983319
0.875925
0.882354
0.905913
0.996813
1.047370
0.996218
0.841075
0.893652
0.828005
0.681613
0.671107
0.493149
0.493149
0.549172
0.465968
0.304423
0.304423
0.219371
0.135424
0.135424
0.214056
0.214056
0.214056
0.214056
0.040670
0.145078
0.204966
0.204966
0.277173
0.476028
0.354922
0.403328
0.535522
0.286659
0.505858
0.505858
0.329508
0.300828
0.154680
-0.006285
-0.006285
0.240288
0.360181
0.353228
0.259998
0.191100
0.191100
0.405000
0.597862
0.507516
0.410521
0.370414
0.452993
0.668813
0.659121
0.526018
0.774316
0.575469
0.612599
0.612599
0.848702
0.828266
0.799167
0.875890
0.875890
0.701713
0.612603
0.612603
0.579532
0.759433
0.568268
0.516290
0.426559
0.601882
0.601882
0.743181
0.720187
0.714982
0.779309
0.779309
0.587203
0.621535
0.844744
0.806998
0.883469
0.780843
0.719796
0.912234
0.756807
0.803427
0.906802
0.824229
0.883011
0.661299
0.895038
0.740973
0.818423
0.828841
0.781600
1.022397
0.887223
1.051759
1.285328
1.188327
1.163064
1.129153
1.016691
0.925184
0.970922
0.790350
0.867088
0.938198
0.733830
0.938676
0.938676
0.966298
0.800112
1.022917
0.822049
0.717572
0.542996
0.644976
0.640105
0.549387
0.496641
0.566985
0.711059
0.639237
0.612221
0.550318
0.550318
0.746528
0.654405
0.634267
0.634267
0.865145
0.852143
0.935350
1.028680
0.801674
0.772873
0.587447
0.822242
0.627219
0.752995
0.987959
0.946751
0.813675
0.913864
0.737541
0.709714
0.709714
0.847126
1.038424
1.129371
1.150698
1.208330
1.135747
0.964400
0.964400
0.964400
1.123273
1.289615
1.090545
1.213128
1.124667
1.053831
0.857756
0.857756
0.905075
1.114591
1.292934
1.447481
1.257055
1.345209
1.532840
1.327788
1.327788
1.450087
1.427908
1.351331
1.440967
1.257120
1.426282
1.565067
1.565067
1.600195
1.465643
1.707347
1.630223
1.615023
1.508505
1.715516
1.706553
1.646734
1.470927
1.470927
1.437118
1.494508
1.260281
1.260281
1.054757
1.164075
1.240715
1.240715
1.171596
1.031620
1.131111
1.346841
1.493185
1.302570
1.072086
1.206452
1.298424
1.419485
1.557417
1.557417
1.667277
1.509607
1.301067
1.237084
1.484102
1.280806
1.393881
1.580918
1.499264
1.479220
1.643244
1.816813
1.872891
1.736633
1.504159
1.380576
1.265874
1.079762
0.975783
1.124882
0.920827
1.160374
1.160374
1.078815
1.251820
1.316266
1.078984
0.922009
0.704655
0.467461
0.369088
0.546647
0.654617
0.868300
0.859652
0.756681
0.815267
0.761585
0.574744
0.718151
0.731306
0.804499
1.000368
1.000368
0.873353
0.652038
0.648738
0.460275
0.657967
0.516626
0.654629
0.880972
1.023234
1.023234
0.810654
1.002239
0.816913
0.643361
0.574358
0.813413
0.842008
0.670601
0.894588
0.774551
0.689902
0.550626
0.794936
0.794878
0.804605
0.896599
0.716773
0.564495
0.362853
0.258242
0.353530
0.136867
0.039053
-0.061770
-0.059710
-0.059710
-0.291947
-0.071183
-0.075541
0.073105
0.257165
0.309681
0.309681
0.198763
0.198763
0.250696
0.419613
0.213190
0.410389
0.357666
0.579561
0.579561
0.733265
0.484997
0.543135
0.447851
0.447851
0.444283
0.551753
0.539569
0.459554
0.561125
0.686144
0.596149
0.434051
0.205528
0.057938
-0.142606
-0.167028
-0.261566
-0.060001
-0.034088
-0.016677
-0.008856
0.149002
-0.044240
-0.044240
-0.044240
0.009234
-0.008141
-0.074108
0.127065
0.269313
0.311870
0.311870
0.213413
0.221610
0.067574
0.267374
0.167864
0.267286
0.452788
0.318362
0.363577
0.542575
0.603001
0.634943
0.784416
0.796644
0.838660
0.728710
0.796136
0.917149
1.091005
1.108181
1.036652
1.068243
0.819651
0.785871
0.852086
0.926548
0.934797
1.073037
1.103631
1.203384
1.203384
0.969553
1.107603
1.052931
1.010926
1.147177
0.976279
0.726718
0.541726
0.668858
0.780736
0.538598
0.596598
0.624448
0.421016
0.332221
0.199627
0.242644
0.242644
0.310006
0.510855
0.419872
0.541326
0.541326
0.667443
0.735126
0.674315
0.782436
0.754083
0.589866
0.603439
0.632735
0.807096
0.943530
0.754190
0.765658
0.923065
0.714524
0.544467
0.509789
0.399302
0.343356
0.451907
0.527798
0.465943
0.564357
0.473018
0.555715
0.505739
0.327678
0.500605
0.522796
0.526689
0.385884
0.601454
0.641350
0.748873
0.932657
0.718782
0.765053
0.686402
0.612391
0.634786
0.797819
0.775636
0.758737
0.827117
1.058194
1.127138
1.283247
1.448036
1.587632
1.517587
1.755972
1.589028
1.779378
1.958719
1.793134
1.668160
1.592314
1.592314
1.345901
1.345901
1.468973
1.293910
1.059914
1.285100
1.297139
1.276118
1.397340
1.182420
0.998859
1.176772
1.092929
0.991230
1.147012
1.144577
1.326098
1.470131
1.470131
1.303906
1.512602
1.575809
1.539912
1.761071
1.865292
1.865292
1.865292
1.686805
1.814552
1.814552
1.915088
1.857985
1.992793
1.829443
1.635343
1.569362
1.548748
1.534080
1.323491
1.102303
1.065036
1.129327
1.129844
1.200057
1.055676
1.217470
0.989507
0.977718
0.919340
0.852596
1.097881
1.110001
1.110001
1.028160
0.982105
1.029646
0.902327
0.752397
1.000035
0.751497
0.719123
0.528534
0.528534
0.425042
0.297524
0.504617
0.451655
0.544092
0.510757
0.726204
0.683773
0.771060
0.895880
0.849327
0.956969
1.182683
1.050850
1.115780
1.198527
1.198527
1.239729
1.062725
0.834714
0.634491
0.810521
0.719785
0.747997
0.961844
1.145753
0.921244
1.043448
1.043448
0.829779
0.706263
0.706263
0.780570
0.805515
0.978142
1.040879
0.826467
1.064095
1.186460
1.127863
1.296736
1.050242
1.217105
1.412674
1.412674
1.412674
1.513651
1.728385
1.521388
1.343975
1.130587
1.318622
1.192713
1.192713
1.134217
1.216885
1.050651
0.855391
0.817277
0.851586
1.083794
0.904328
1.012681
0.771149
0.796097
0.913083
1.129463
1.263222
1.243907
1.080833
0.940097
0.722661
0.728432
0.728432
0.728432
0.524057
0.501763
0.654767
0.556194
0.793609
1.036137
1.024071
0.933494
0.732873
0.755375
0.817671
0.623572
0.448368
0.630532
0.659861
0.656283
0.656283
0.847396
0.657582
0.811654
0.811654
0.963655
1.069164
1.197707
1.399237
1.190432
0.973243
0.831929
0.990697
1.116758
0.927385
0.690436
0.690436
0.583259
0.379964
0.334358
0.527854
0.600326
0.518144
0.472037
0.574097
0.707272
0.799456
1.041933
0.824645
1.013694
1.013694
1.007256
1.163520
1.157942
1.157942
0.926535
0.731744
0.657526
0.657526
0.749901
0.624664
0.653674
0.621085
0.588984
0.479008
0.572470
0.431518
0.400189
0.623599
0.841882
1.003790
1.037256
1.115196
1.055341
1.144263
1.158421
1.166491
1.166491
1.231144
1.206748
1.262229
1.097949
1.004041
1.183883
1.201366
0.987557
1.122558
1.019066
1.047970
0.880931
1.000104
0.831616
0.971902
0.824625
0.735304
0.735304
0.882697
1.013387
0.813114
0.746100
0.704758
0.951359
0.740191
0.796792
1.026554
1.212117
1.198798
1.424975
1.204195
1.286102
1.286102
1.192162
1.179023
1.287127
1.384410
1.238208
1.248473
1.148073
1.141582
1.008416
1.104178
0.926385
0.745855
0.705266
0.582549
0.621139
0.621139
0.710269
0.941669
0.747960
0.736283
0.870906
0.881395
0.929080
1.169505
1.146774
1.363689
1.532319
1.630178
1.515254
1.434614
1.194265
1.312582
1.312582
1.108597
1.036997
0.975282
1.008206
0.855453
1.058226
1.303354
1.303354
1.303354
1.303354
1.523884
1.576401
1.383574
1.475664
1.386615
1.411821
1.411821
1.653122
1.419752
1.649005
1.649005
1.600552
1.462620
1.524625
1.524625
1.524625
1.718564
1.546877
1.330524
1.507125
1.491525
1.643086
1.548500
1.405569
1.322657
1.358577
1.126925
1.248809
1.111681
1.083682
1.328005
1.097195
1.209633
1.399007
1.166915
1.007596
1.007596
1.086495
1.221601
1.366840
1.139131
0.963247
0.881872
0.802927
0.682815
0.795081
0.579096
0.579096
0.808055
0.850592
0.968416
0.967590
1.093052
1.001854
0.765895
0.828657
0.813856
0.640828
0.723705
0.723705
0.614785
0.451762
0.630807
0.630807
0.532107
0.686979
0.684282
0.889011
0.871131
1.004463
0.922034
0.954528
0.787500
0.844096
0.844096
0.972710
0.972710
1.146376
1.011419
1.137977
1.247275
1.282741
1.468218
1.447584
1.551309
1.715067
1.773860
1.773860
1.579578
1.637190
1.609772
1.771552
1.673371
1.654015
1.734674
1.517878
1.656511
1.703069
1.511933
1.511933
1.400556
1.400556
1.252274
1.341454
1.180067
1.250712
1.333731
1.157017
0.974887
0.976586
1.137719
0.976205
0.829778
0.703654
0.864623
0.689648
0.460697
0.707704
0.824565
0.854768
1.087746
1.104416
1.187689
1.238523
1.132409
1.182082
1.269519
1.269519
1.292723
1.146170
0.990412
0.974176
0.911558
0.899616
0.716574
0.476291
0.345401
0.461333
0.327675
0.431203
0.400502
0.465748
0.257109
0.504854
0.403542
0.652281
0.681945
0.790165
1.003441
0.774729
0.639269
0.469438
0.526829
0.462863
0.325731
0.259691
0.259691
0.398594
0.317829
0.317829
0.555669
0.366521
0.396455
0.381003
0.381003
0.404446
0.441287
0.554828
0.604541
0.604541
0.443678
0.438426
0.389558
0.389558
0.159857
0.098147
-0.039710
-0.014068
-0.095852
-0.210567
-0.194540
-0.131081
-0.118742
-0.221641
-0.245067
-0.020434
0.096559
-0.055830
0.047202
0.235694
0.164043
0.295513
0.421437
0.354006
0.271309
0.249015
0.225597
0.461795
0.429960
0.429960
0.478327
0.488778
0.483763
0.467248
0.688945
0.910294
0.959052
1.149591
0.909522
0.878343
1.069304
0.929868
1.167561
1.074025
1.054088
0.954684
0.937726
0.881515
0.900624
0.726669
0.575919
0.716772
0.866985
0.689674
0.894174
0.731551
0.719589
0.532594
0.577298
0.758885
0.935792
0.738987
0.982218
0.870194
0.794452
0.547598
0.559013
0.480529
0.455921
0.277692
0.063406
0.063406
0.170496
0.419977
0.527806
0.454367
0.217618
0.412303
0.639044
0.657865
0.704547
0.879053
0.795021
0.764746
0.854971
0.676223
0.876868
0.776559
0.811524
1.021053
0.851293
1.028823
1.144670
0.994642
1.199517
1.443103
1.333866
1.393520
1.157632
1.105723
1.176598
1.156875
1.322824
1.152078
0.931218
1.024927
0.949801
0.902670
0.796125
0.929433
0.851068
0.950955
0.995941
0.865069
0.803988
0.717425
0.553987
0.585300
0.608982
0.562408
0.711758
0.873958
0.942333
0.807279
0.975190
0.785349
0.910497
1.062440
0.882026
1.111260
1.199550
1.217848
1.004233
1.181597
1.341775
1.204663
1.132588
1.132588
1.022745
1.230875
1.477828
1.375442
1.553775
1.346011
1.166640
1.173064
1.087204
1.170976
0.995309
0.995309
1.137235
1.181274
1.079843
0.895993
0.822485
0.919279
0.919279
0.919279
0.713244
0.932064
0.791315
0.564830
0.564795
0.788712
0.788712
0.847522
0.705510
0.535708
0.566351
0.566351
0.486979
0.367559
0.504043
0.438139
0.452048
0.452048
0.580206
0.476758
0.652605
0.855027
0.710004
0.514621
0.628702
0.848224
0.879388
0.879388
1.036269
0.951256
1.109822
1.083634
0.835632
0.631268
0.718684
0.476964
0.539621
0.597152
0.569086
0.449686
0.696649
0.677387
0.542315
0.522234
0.522234
0.587405
0.581394
0.477471
0.535312
0.411456
0.545356
0.703875
0.549001
0.413192
0.241390
0.394464
0.489378
0.592667
0.809076
1.040725
1.268840
1.023886
1.109691
1.327781
1.420617
1.459520
1.438177
1.611471
1.774941
1.665784
1.698061
1.514890
1.442620
1.279653
1.032979
0.958562
1.074065
1.027609
1.109362
1.204316
1.220183
1.220183
1.301460
1.369768
1.369768
1.356184
1.109253
1.130825
1.104188
1.179125
1.356412
1.314542
1.245692
1.489790
1.323097
1.260590
1.483497
1.577196
1.740635
1.539567
1.410725
1.580650
1.419243
1.474268
1.274370
1.063014
0.943499
0.963676
0.872124
0.946663
0.799988
0.640917
0.640917
0.771333
0.771333
0.811169
0.775863
0.867884
1.019142
0.884384
0.911394
1.090141
1.240802
1.209931
1.423130
1.473993
1.279695
1.172451
1.248872
1.169719
1.169719
1.060569
0.981012
1.201512
1.081430
0.854490
0.844118
0.908541
0.809271
0.758669
0.585891
0.516343
0.658397
0.697876
0.794254
0.685786
0.856795
1.072904
1.088157
1.001310
0.773659
0.825760
0.713778
0.866044
0.766122
0.918799
0.770724
0.880947
1.037284
0.999739
0.859767
0.661379
0.547746
0.547746
0.752076
0.798869
1.020722
1.009378
0.974796
1.123416
1.116003
0.958797
1.093224
1.181715
1.034435
0.827913
0.982844
0.976629
0.839441
1.032361
0.934275
0.728095
0.816702
0.800341
0.973739
1.143260
1.326816
1.087312
1.302646
1.161391
1.311324
1.342125
1.339439
1.435602
1.576462
1.753728
1.532525
1.449067
1.452628
1.624058
1.406498
1.406498
1.509763
1.543741
1.496169
1.632821
1.427768
1.584993
1.527033
1.429419
1.221891
1.097565
0.898303
1.086975
1.029373
1.260631
1.211683
1.152517
1.080159
1.203074
1.320610
1.320610
1.320610
1.275355
1.168400
1.120358
1.307141
1.313926
1.183776
1.225595
1.031155
0.818239
0.665519
0.726447
0.679177
0.584171
0.777579
1.010330
0.787411
1.026897
0.821524
0.927166
0.696244
0.915174
0.973059
1.174232
0.958061
0.828116
0.794292
0.950324
0.815148
1.054322
1.002773
1.181432
1.090852
1.236511
1.096100
1.031557
1.145285
1.162879
1.328016
1.113073
1.070098
0.900173
0.900173
0.992280
0.789413
0.798564
0.851769
1.072886
0.928841
0.845513
0.713589
0.807800
0.564316
0.564316
0.644888
0.765507
0.859093
1.069890
1.256693
1.137291
1.021476
1.000996
0.828555
0.978571
0.795982
0.945041
1.113857
1.031149
1.136223
1.233208
0.992391
0.965634
0.883933
0.916383
1.153328
0.992364
1.045162
0.853683
0.853683
0.667554
0.667554
0.689645
0.645844
0.765215
0.775308
0.772227
0.956187
0.828233
0.732436
0.689796
0.757340
0.769618
0.634570
0.385269
0.414604
0.385352
0.385352
0.383950
0.566173
0.611143
0.695469
0.907062
0.669112
0.789658
1.027792
1.085193
1.209495
1.209495
1.349972
1.223372
1.464660
1.689030
1.776018
1.778502
1.869440
2.080967
1.920310
2.113859
1.870619
1.870619
2.012620
2.063192
1.957917
1.963476
1.866786
1.821799
1.794907
1.708292
1.708292
1.787598
1.787598
1.956150
1.920105
1.824163
1.750360
1.715968
1.962718
2.047220
2.039992
1.966668
1.966668
1.757348
1.568420
1.570643
1.440578
1.397289
1.519652
1.405577
1.642941
1.699973
1.661661
1.643420
1.432240
1.532151
1.438474
1.366148
1.524424
1.524424
1.696845
1.879615
1.780839
1.656454
1.671197
1.531102
1.332626
1.498294
1.687870
1.687870
1.651558
1.661547
1.661547
1.661547
1.567564
1.543335
1.675856
1.546650
1.594671
1.402003
1.159953
1.224825
1.058998
1.131683
1.259650
1.011795
0.877690
1.089356
1.039153
1.009620
1.029466
1.213718
1.068497
1.004609
1.056065
1.271630
1.432310
1.432310
1.193285
0.961888
1.197787
1.428384
1.461266
1.277104
1.426388
1.514879
1.497423
1.568920
1.646709
1.636833
1.637886
1.826536
1.826536
1.733123
1.982218
1.982218
1.928156
1.764946
1.823847
2.035345
2.035345
2.162660
1.985394
1.744192
1.700614
1.480381
1.480381
1.349590
1.375536
1.563370
1.563370
1.573406
1.513920
1.389664
1.639117
1.596717
1.733950
1.593810
1.627537
1.627537
1.627537
1.627537
1.736208
1.749132
1.841765
1.841765
1.616398
1.806941
1.573461
1.538022
1.441553
1.645911
1.402986
1.153716
1.086593
1.117545
1.119019
1.241665
1.287079
1.281840
1.368167
1.368167
1.442280
1.268387
1.456884
1.563489
1.526319
1.409111
1.534291
1.294999
1.539740
1.398252
1.168492
1.274850
1.141578
1.141578
1.147116
1.211133
1.218709
1.388991
1.319785
1.357885
1.195735
1.059264
0.863678
0.634764
0.800661
0.846031
0.706788
0.708578
0.711425
0.641966
0.641966
0.480002
0.614684
0.409189
0.444395
0.653493
0.656990
0.743076
0.689940
0.797006
1.033777
0.832676
0.886839
0.961852
0.718031
0.533427
0.283538
0.479007
0.479007
0.679276
0.751855
0.821866
1.053861
1.187847
0.951117
0.992738
1.136226
0.983794
0.875002
0.879663
1.057798
1.052222
1.275710
1.338750
1.268616
1.100809
1.023485
0.852006
0.852006
0.935536
0.889097
0.710707
0.926378
0.971078
0.812836
0.817104
0.936521
1.134660
1.073246
1.301388
1.075875
1.196773
1.196773
1.298608
1.460534
1.302943
1.363459
1.325995
1.409192
1.409192
1.215788
1.215788
1.101814
1.120733
1.024900
0.967962
1.025358
1.151177
0.914555
0.955328
1.118347
0.909138
0.706339
0.956060
0.966623
1.021977
0.792098
0.785270
0.678463
0.909219
0.918372
1.144387
1.132165
1.218648
1.048135
0.974596
0.735033
0.701074
0.921653
1.109690
0.958238
0.756539
1.000135
1.024949
1.078514
1.262663
1.262663
1.141930
1.153927
1.322250
1.165256
1.249246
1.311281
1.222364
1.238155
1.001911
1.094424
1.327431
1.430962
1.653859
1.417250
1.387065
1.454273
1.314219
1.379051
1.379051
1.252103
1.013386
1.068095
1.035795
1.057282
1.242123
1.285635
1.485743
1.411413
1.465552
1.545601
1.427442
1.550478
1.526941
1.546996
1.392703
1.544534
1.622727
1.652084
1.679125
1.706473
1.621316
1.501047
1.468950
1.256905
1.256905
1.052901
0.818163
0.936253
0.793153
0.932030
0.713281
0.772880
1.020128
1.175464
1.065263
1.301435
1.304980
1.304980
1.304980
1.304980
1.380531
1.172599
1.172599
1.005137
1.005137
1.023165
1.035287
1.224283
1.140866
0.924526
0.701542
0.562566
0.448301
0.450310
0.688473
0.911278
0.946264
0.850792
1.025823
1.084747
1.043227
0.846113
0.846113
0.826085
0.912300
0.789843
0.823307
0.717098
0.736283
0.962521
0.853820
0.853820
1.067735
0.987524
0.987524
1.099803
0.905469
0.797208
0.954256
0.735661
0.621005
0.621005
0.768521
0.856528
0.752612
0.926662
0.939950
0.903616
0.874322
0.740471
0.852639
0.957140
0.957140
0.835218
0.953170
0.747075
0.815506
0.987609
1.138291
1.270940
1.095296
1.179443
1.231256
1.046103
1.227371
1.183254
1.092679
1.053949
0.860573
0.964234
1.213064
1.390936
1.188900
0.972109
0.832194
1.077606
1.050163
0.822248
0.949619
0.746509
0.764436
0.764436
0.827592
1.057963
0.960657
1.005013
0.986611
1.205397
1.027600
1.005807
1.173660
1.290391
1.093568
1.008348
1.234095
1.223283
1.437726
1.358752
1.263364
1.160743
1.160743
1.369575
1.283537
1.530124
1.709737
1.709737
1.709737
1.947612
1.871613
2.053751
2.168078
2.168078
1.930669
1.787038
1.752880
1.977392
1.922873
1.922873
1.922873
1.768482
1.658158
1.546198
1.595448
1.435125
1.463698
1.336696
1.279836
1.501506
1.332371
1.455307
1.537093
1.785069
1.815862
1.952572
1.952572
1.952572
2.198955
2.007871
1.954158
1.954158
1.874565
1.742325
1.900625
1.719905
1.637374
1.637374
1.677039
1.453559
1.403678
1.365891
1.511440
1.263541
1.228455
1.166020
1.125630
1.261691
1.360022
1.353587
1.196837
1.192633
1.197695
1.207667
1.273183
1.138367
1.088090
0.884997
1.106936
1.344141
1.204166
1.052220
0.933439
0.883092
1.121026
1.107208
1.113272
1.205174
0.968819
0.774672
0.913039
1.007835
1.256268
1.189630
1.380341
1.287566
1.382902
1.382902
1.372295
1.578401
1.341645
1.400156
1.324421
1.354854
1.357142
1.124214
0.881536
0.860282
0.863852
1.089979
0.922653
0.917670
1.056303
1.210868
1.146282
1.251635
1.054593
1.272559
1.336835
1.501969
1.336655
1.293874
1.337947
1.185709
1.283782
1.275706
1.232949
1.341706
1.194036
1.167937
1.041930
1.278332
1.271449
1.425623
1.378392
1.252349
1.253861
1.383324
1.400466
1.243693
1.044808
0.840770
0.912862
1.017096
0.935137
0.897302
0.804691
1.023677
0.926613
1.134511
1.076978
0.970138
1.133169
1.372735
1.622583
1.667970
1.667970
1.727292
1.723361
1.637816
1.629507
1.585652
1.410841
1.460424
1.258715
1.092546
1.181881
1.116620
1.116233
1.298773
1.305870
1.356294
1.175571
1.340646
1.363947
1.343404
1.343404
1.507473
1.368206
1.377672
1.377672
1.527456
1.347742
1.160578
1.169405
0.988765
0.962069
0.903033
1.132562
0.990489
0.926059
0.943880
0.966866
0.889929
1.035472
0.828216
0.854041
0.781187
0.558238
0.474247
0.459607
0.511408
0.511408
0.512653
0.512653
0.600165
0.546720
0.722817
0.760040
0.863301
0.644989
0.444431
0.532966
0.436588
0.653159
0.554623
0.554623
0.465217
0.661247
0.656084
0.677093
0.756303
0.693984
0.881091
0.985558
0.893226
0.829600
0.773268
0.956966
1.097460
1.014383
0.866582
1.111806
1.243883
1.168513
1.168513
1.127775
1.290980
1.111587
1.233434
1.124113
1.185343
1.171969
1.273929
1.376117
1.196710
1.231124
1.222157
1.407741
1.378634
1.378658
1.184512
0.956796
1.063025
1.132395
0.900360
0.907953
0.945053
1.029145
0.943688
1.075204
1.030594
1.188521
1.384089
1.203623
1.407348
1.530792
1.559636
1.788275
1.788275
1.901425
1.909482
1.995261
1.860222
1.794441
1.900591
1.665230
1.646895
1.404859
1.420935
1.514630
1.661684
1.641067
1.503932
1.564905
1.320934
1.179002
1.223867
1.283111
1.146827
1.086157
0.895356
0.676762
0.553296
0.771394
0.638261
0.500674
0.500674
0.440495
0.240311
0.233591
0.158507
0.228440
0.273632
0.403239
0.275880
0.404655
0.427560
0.650264
0.849815
0.891865
0.894459
0.724799
0.721058
0.894379
0.915332
1.017254
0.785202
0.950850
1.001883
0.973933
1.088125
0.943637
0.704644
0.704644
0.473662
0.250638
0.233687
0.233687
0.361163
0.386546
0.279606
0.123903
0.173063
0.397213
0.452412
0.226279
0.273303
0.329791
0.287386
0.305976
0.227584
0.475810
0.628692
0.762657
0.540479
0.719266
0.755919
0.837810
0.620837
0.556844
0.309085
0.309085
0.398338
0.255634
0.255634
0.279097
0.200547
0.183940
0.256993
0.361683
0.388389
0.160146
0.216705
0.115879
0.025568
-0.046620
-0.251565
-0.040371
0.209163
0.390320
0.584695
0.820091
1.046401
0.986558
1.072705
0.972942
1.051266
0.977478
0.753122
0.977591
0.888157
0.985420
1.073130
0.913059
1.040006
1.283910
1.259617
1.446765
1.394853
1.146233
1.068385
0.965473
1.039085
0.924444
0.823130
0.607718
0.619826
0.384700
0.325008
0.512069
0.512069
0.650646
0.810911
0.614526
0.817555
0.710144
0.666755
0.542412
0.405389
0.534868
0.655711
0.476627
0.522546
0.522546
0.463139
0.463139
0.463139
0.381221
0.399004
0.268417
0.295109
0.391100
0.391100
0.154626
0.137290
0.313612
0.370682
0.357141
0.357141
0.196357
0.085414
-0.074482
-0.074482
-0.073572
0.156313
-0.020336
-0.020336
-0.030456
0.110536
0.209198
0.105606
0.082770
0.104990
0.104990
0.287839
0.166707
0.205092
0.266847
0.494008
0.469691
0.652679
0.616300
0.584679
0.583995
0.540900
0.523928
0.646888
0.703681
0.877494
0.627923
0.386871
0.565437
0.663707
0.584183
0.637170
0.669646
0.669646
0.720933
0.920532
0.693473
0.592054
0.351873
0.318032
0.234755
0.164628
0.411263
0.457710
0.693864
0.609388
0.829536
0.632323
0.586810
0.585531
0.497083
0.303460
0.408284
0.598745
0.575245
0.506499
0.553093
0.363466
0.363466
0.331895
0.331895
0.331895
0.434360
0.408670
0.652170
0.464895
0.386246
0.475790
0.549850
0.690668
0.877294
1.071077
1.254276
1.030724
1.141700
0.910951
0.789782
0.873982
1.081485
0.869731
0.651273
0.507326
0.477400
0.456469
0.432070
0.276764
0.218725
0.364170
0.364170
0.364170
0.280941
0.297064
0.386606
0.413503
0.322337
0.320384
0.486498
0.629768
0.679465
0.609786
0.602014
0.539538
0.603029
0.603029
0.357892
0.367625
0.412841
0.630076
0.506254
0.688058
0.497333
0.722720
0.722720
0.584296
0.825293
0.934240
0.751152
0.668565
0.548006
0.534533
0.678952
0.734888
0.507003
0.581397
0.348700
0.532005
0.718055
0.718055
0.745404
0.799057
1.004496
0.756067
0.715138
0.867892
1.013638
1.236452
1.121993
1.351794
1.153715
1.209665
1.020058
1.020058
0.918004
1.134451
1.245761
1.189401
1.372101
1.461200
1.575396
1.805678
1.805678
1.605785
1.587632
1.511964
1.511964
1.614958
1.584492
1.584492
1.531056
1.573831
1.451317
1.575938
1.507565
1.459522
1.665096
1.720860
1.606196
1.709579
1.845357
1.746310
1.504305
1.368679
1.121421
0.966431
1.079130
1.086307
1.210509
1.010879
1.106399
0.958051
1.142617
1.030417
1.043705
1.230791
0.999687
1.118634
0.960618
0.965040
1.203673
1.247704
1.234922
1.326438
1.259446
1.176694
1.070908
1.150527
1.076845
0.975527
1.184128
1.022801
0.946607
0.700997
0.891936
1.002454
0.860696
0.891601
0.847358
1.054238
0.818544
0.985837
1.128866
1.116165
1.080496
0.839450
1.061199
0.961629
0.766874
0.928221
1.091851
1.267608
1.444021
1.561354
1.640435
1.411371
1.411371
1.163279
1.098419
1.259137
1.134325
0.956728
0.724026
0.716519
0.844172
0.662898
0.838603
0.901758
0.852903
1.087191
0.841892
0.965507
1.158959
1.203373
1.068102
0.846164
0.720970
0.807823
0.881122
0.845767
0.828954
1.071188
1.099044
0.860052
1.095930
1.095930
0.846450
1.040072
1.048436
0.871001
1.064170
0.927178
0.878271
0.838348
0.838348
0.813692
0.771788
0.943072
0.943072
1.158024
1.158024
1.158024
1.265045
1.387127
1.318209
1.556685
1.351960
1.294186
1.095531
1.116292
1.116292
1.209237
1.172919
0.943993
0.890514
0.886010
1.096215
0.898434
0.836402
1.019011
1.137960
1.137960
0.910529
0.821121
0.821121
0.725586
0.903043
1.103023
1.114663
1.114663
1.321742
1.154013
1.272220
1.256730
1.065521
1.240746
1.078950
1.170913
1.024969
0.959656
1.143563
1.000308
1.086873
0.839376
0.617155
0.617155
0.370734
0.522876
0.546002
0.723962
0.777733
0.787390
0.809102
0.809102
0.663277
0.480931
0.257521
0.406967
0.388091
0.599450
0.631693
0.625453
0.531814
0.531814
0.564367
0.575772
0.764526
0.992824
0.865506
0.701740
0.620224
0.635162
0.713450
0.521679
0.338012
0.406326
0.193639
0.078037
0.036013
0.036013
0.163588
0.163588
0.319217
0.096013
-0.117791
-0.112623
-0.095705
0.054049
0.054049
-0.041334
0.186237
0.035636
0.035636
-0.005806
-0.005806
-0.022296
-0.056010
-0.086302
0.029208
0.029208
0.138742
-0.004872
0.170628
0.142285
0.356409
0.467221
0.566429
0.773006
0.717015
0.594211
0.841065
0.714257
0.635324
0.720378
0.720378
0.908662
1.049336
0.874725
0.675536
0.851699
0.775020
0.981649
0.978836
1.135578
0.963919
0.874929
1.019572
1.057906
0.935008
0.787296
0.645965
0.645965
0.481208
0.546723
0.334601
0.235590
0.014244
-0.002029
-0.231204
-0.264167
-0.264167
-0.339807
-0.339807
-0.339807
-0.339807
-0.339807
-0.312187
-0.368093
-0.205962
0.042956
0.044244
-0.044549
-0.037023
-0.037023
-0.037023
0.090493
-0.008642
0.020220
0.020220
-0.127315
-0.226644
-0.181239
-0.151619
-0.110464
0.138644
0.030403
0.220385
0.000720
-0.051378
0.174480
0.283416
0.476535
0.631783
0.704699
0.590302
0.360774
0.360774
0.325339
0.380713
0.380713
0.426507
0.231384
0.431184
0.614466
0.535797
0.666806
0.679318
0.469386
0.469386
0.306965
0.345330
0.563316
0.737242
0.622632
0.560903
0.560903
0.598200
0.568040
0.491913
0.626711
0.438973
0.564443
0.564443
0.806979
0.835501
0.903256
0.841421
0.980375
1.198667
1.290059
1.204865
1.095494
1.309329
1.248527
1.012119
1.245030
1.334833
1.334833
1.358752
1.174532
1.397812
1.267140
1.186416
1.209953
0.992577
1.036710
1.036710
0.936241
0.981473
0.823119
0.985844
1.120522
1.303460
1.235726
1.164198
1.173496
1.055078
1.118275
1.255182
1.255182
1.206845
1.073806
0.991127
0.886833
0.742054
0.763430
0.825339
0.845814
1.037175
1.238879
1.189667
1.211251
1.050880
0.934107
0.855622
1.001689
1.055903
0.870847
0.900367
1.084455
1.282456
1.435143
1.546663
1.301418
1.177322
1.350035
1.267498
1.176558
1.205636
1.189264
1.303206
1.376976
1.269699
1.159390
1.008754
1.065738
1.094983
1.152256
1.285089
1.478734
1.497224
1.497224
1.307879
1.250923
1.287698
1.328024
1.134392
1.203264
0.956075
0.827409
0.827409
0.726948
0.726948
0.929300
0.948142
0.727700
0.740054
0.963338
1.072810
0.985553
0.828554
0.875517
0.692683
0.791142
0.791142
0.713293
0.861404
1.029733
1.058236
0.865157
0.881833
0.716511
0.917974
1.020015
0.994305
1.201486
1.419339
1.635999
1.755979
1.610973
1.645886
1.447006
1.295842
1.264965
1.355094
1.529779
1.642301
1.528137
1.345463
1.220381
0.973043
0.831951
0.918193
0.673726
0.814414
0.715014
0.852687
0.961312
0.882480
0.996329
1.100121
0.968223
1.016120
0.796418
0.788233
0.695073
0.682387
0.647379
0.738695
0.768474
0.849525
1.007130
0.889229
0.844462
0.938440
1.003005
1.110620
1.274705
